#V3.24f
#_SS-V3.24f-safe-Lin64;_08/03/2012;_Stock_Synthesis_by_Richard_Methot_(NOAA)_using_ADMB_11
#_Start_time: Fri Jul 16 15:08:37 2021
#_Number_of_datafiles: 2
#C data file for chilean hake
#_observed data: 
1940 #_styr
2012 #_endyr
1 #_nseas
 12 #_months/season
1 #_spawn_seas
1 #_Nfleet
1 #_Nsurveys
1 #_N_areas
FISHERY1%BIOSURVEY
 0.5 0.583 #_surveytiming_in_season
 1 1 #_area_assignments_for_each_fishery_and_survey
 1 #_units of catch:  1=bio; 2=num
 0.05 #_se of log(catch) only used for init_eq_catch and for Fmethod 2 and 3; use -1 for discard only fleets
1 #_Ngenders
20 #_Nages
 0 #_init_equil_catch_for_each_fishery
73 #_N_lines_of_catch_to_read
#_catch_biomass(mtons):_columns_are_fisheries,year,season
 7389 1940 1
 862 1941 1
 9113 1942 1
 11083 1943 1
 8374 1944 1
 11083 1945 1
 15171 1946 1
 21941 1947 1
 23411 1948 1
 31363 1949 1
 33105 1950 1
 42831 1951 1
 64448 1952 1
 59026 1953 1
 56091 1954 1
 93974 1955 1
 78204 1956 1
 81393 1957 1
 75596 1958 1
 77818 1959 1
 79043 1960 1
 75133 1961 1
 93542 1962 1
 101963 1963 1
 73057 1964 1
 106065 1965 1
 94379 1966 1
 80417 1967 1
 130420 1968 1
 85740 1969 1
 88276 1970 1
 66004 1971 1
 66887 1972 1
 46501 1973 1
 43483 1974 1
 32433 1975 1
 29639 1976 1
 36563 1977 1
 34144 1978 1
 31806 1979 1
 31731 1980 1
 32739 1981 1
 26393 1982 1
 25294 1983 1
 33220 1984 1
 28688 1985 1
 29715 1986 1
 30905 1987 1
 50136 1988 1
 46881 1989 1
 52820 1990 1
 63663 1991 1
 62560 1992 1
 61823 1993 1
 67021 1994 1
 75403 1995 1
 84897 1996 1
 80197 1997 1
 76731 1998 1
 103790 1999 1
 110140 2000 1
 121200 2001 1
 116040 2002 1
 115340 2003 1
 73598 2004 1
 47436 2005 1
 47958 2006 1
 45848 2007 1
 47936 2008 1
 47144 2009 1
 49197 2010 1
 45078 2011 1
 45078 2012 1

#
43 #_N_cpue_and_surveyabundance_observations
#_Units:  0=numbers; 1=biomass; 2=F
#_Errtype:  -1=normal; 0=lognormal; >0=T
#_Fleet Units Errtype
1 1 0 # FISHERY1
2 1 0 # BIOSURVEY
#_year seas index obs err
 1983 1 1 0.67 0.2 # FISHERY1
 1984 1 1 0.83 0.2 # FISHERY1
 1985 1 1 0.79 0.2 # FISHERY1
 1986 1 1 0.98 0.2 # FISHERY1
 1987 1 1 1.29 0.2 # FISHERY1
 1988 1 1 1.34 0.2 # FISHERY1
 1989 1 1 1.51 0.2 # FISHERY1
 1990 1 1 1.42 0.2 # FISHERY1
 1991 1 1 1.29 0.2 # FISHERY1
 1992 1 1 2.04 0.2 # FISHERY1
 1993 1 1 1.51 0.2 # FISHERY1
 1994 1 1 2.3 0.2 # FISHERY1
 1995 1 1 3.63 0.2 # FISHERY1
 1996 1 1 2.48 0.2 # FISHERY1
 1997 1 1 3.05 0.2 # FISHERY1
 1998 1 1 3.15 0.2 # FISHERY1
 1999 1 1 3.35 0.2 # FISHERY1
 2000 1 1 4.55 0.2 # FISHERY1
 2001 1 1 3.06 0.2 # FISHERY1
 2002 1 1 4.58 0.2 # FISHERY1
 2003 1 1 2.87 0.2 # FISHERY1
 2004 1 1 0.97 0.2 # FISHERY1
 2005 1 1 1.01 0.2 # FISHERY1
 2006 1 1 1.13 0.2 # FISHERY1
 2007 1 1 1.06 0.2 # FISHERY1
 2008 1 1 1.37 0.2 # FISHERY1
 2009 1 1 1.6 0.2 # FISHERY1
 2010 1 1 1.35 0.2 # FISHERY1
 2011 1 1 1.05 0.2 # FISHERY1
 1995 1 2 505.76 0.1 # BIOSURVEY
 1997 1 2 713.59 0.1 # BIOSURVEY
 1999 1 2 901.11 0.1 # BIOSURVEY
 2000 1 2 891.6 0.1 # BIOSURVEY
 2001 1 2 918.05 0.1 # BIOSURVEY
 2004 1 2 272.08 0.1 # BIOSURVEY
 2005 1 2 223.72 0.1 # BIOSURVEY
 2006 1 2 266.6 0.1 # BIOSURVEY
 2007 1 2 278.7 0.1 # BIOSURVEY
 2008 1 2 313.78 0.1 # BIOSURVEY
 2009 1 2 322.73 0.1 # BIOSURVEY
 2010 1 2 284.57 0.1 # BIOSURVEY
 2011 1 2 290.33 0.1 # BIOSURVEY
 2012 1 2 272.82 0.1 # BIOSURVEY

0 #_N_fleets_with_discard
#_discard_units (1=same_as_catchunits(bio/num); 2=fraction; 3=numbers)
#_discard_errtype:  >0 for DF of T-dist(read CV below); 0 for normal with CV; -1 for normal with se; -2 for lognormal
#Fleet Disc_units err_type
0 #N discard obs
#_year seas index obs err
#
0 #_N_meanbodywt_obs
30 #_DF_for_meanbodywt_T-distribution_like

2 # length bin method: 1=use databins; 2=generate from binwidth,min,max below; 3=read vector
2 # binwidth for population size comp 
10 # minimum size in the population (lower edge of first bin and size at age 0.00) 
94 # maximum size in the population (lower edge of last bin) 

-1 #_comp_tail_compression
1e-07 #_add_to_comp
0 #_combine males into females at or below this bin number
25 #_N_LengthBins
 26 28 30 32 34 36 38 40 42 44 46 48 50 52 54 56 58 60 62 64 68 72 76 80 90
0 #_N_Length_obs
#Yr Seas Flt/Svy Gender Part Nsamp datavector(female-male)

12 #_N_age_bins
 2 3 4 5 6 7 8 9 10 11 12 13
1 #_N_ageerror_definitions
 -1 -1 -1 -1 -1 -1 -1 -1 -1 -1 -1 -1 -1 -1 -1 -1 -1 -1 -1 -1 -1
 0.001 0.001 0.001 0.001 0.001 0.001 0.001 0.001 0.001 0.001 0.001 0.001 0.001 0.001 0.001 0.001 0.001 0.001 0.001 0.001 0.001
60 #_N_Agecomp_obs
1 #_Lbin_method: 1=poplenbins; 2=datalenbins; 3=lengths
0 #_combine males into females at or below this bin number
#Yr Seas Flt/Svy Gender Part Ageerr Lbin_lo Lbin_hi Nsamp datavector(female-male)
 1968 1 1 3 0 1 -1 -1 100 1481 4459.6 5894.6 4790.3 2961.3 1314.1 530.3 206.6 77 8.3 2.7 3.3
 1969 1 1 3 0 1 -1 -1 100 1647.9 4651.7 5367.8 3089.3 1599.9 709.8 323.1 148 62.3 11 1.9 3.1
 1970 1 1 3 0 1 -1 -1 100 1561 4485.3 5619.8 3747.5 1790 670.9 275.8 115.4 44.1 8.2 2 2.4
 1971 1 1 3 0 1 -1 -1 100 1198.4 2652.7 3845.3 2927.5 1425.4 522.5 193.2 74.5 28.1 3.6 0.7 0.4
 1972 1 1 3 0 1 -1 -1 100 1124.2 2094.8 2244.3 1729.6 987.5 383.6 144.2 56.8 23.3 4.1 1.1 1.3
 1973 1 1 3 0 1 -1 -1 100 289.4 660.4 883.9 897.1 865.2 522.6 184.6 63.3 22.3 7.4 4.9 0.2
 1974 1 1 3 0 1 -1 -1 100 646.1 1117.2 824.5 1082.7 1083.5 797.3 316 113.6 31.7 16.7 3.6 1.8
 1975 1 1 3 0 1 -1 -1 100 601.2 852.2 1116.8 777 841.1 641.7 416.2 175.9 52 16.2 7.4 1.7
 1976 1 1 3 0 1 -1 -1 100 478 405.7 777.7 776.9 623.4 684.1 415.8 166.7 60.6 34.1 5.8 1.7
 1977 1 1 3 0 1 -1 -1 100 261.1 815.4 890.5 974.3 1044.7 855 538.1 255.1 96.4 42.2 12.8 4.2
 1978 1 1 3 0 1 -1 -1 100 400.2 548 1110.2 964.1 873.8 865.1 433 218.6 61.8 24.7 13.7 0.7
 1979 1 1 3 0 1 -1 -1 100 297.6 1053.7 965.7 948.8 830.9 752.4 428.8 231.4 111.3 38 26.3 16
 1980 1 1 3 0 1 -1 -1 100 177.6 331.4 464.6 612.8 794.4 840.8 677.5 487.4 290.9 121.8 54.5 18.3
 1981 1 1 3 0 1 -1 -1 100 109.2 510.1 585.3 384.9 527.7 578.7 834.9 561.9 263.2 142.7 50.6 42.6
 1982 1 1 3 0 1 -1 -1 100 351.8 338.4 618.9 514.4 619.8 489.7 309.4 131.5 50.6 23.4 16.7 12.6
 1983 1 1 3 0 1 -1 -1 100 43.6 292.6 617.5 630.2 530.3 521 324.3 216.5 117.7 45.3 24.1 15.6
 1984 1 1 3 0 1 -1 -1 100 50.9 341.5 720.6 735.4 618.8 608 378.5 252.6 137.4 52.9 28.2 18.2
 1985 1 1 3 0 1 -1 -1 100 111.7 342.5 550.1 763.4 665.4 398.6 318.6 254.2 138.6 49.8 18.4 15.8
 1986 1 1 3 0 1 -1 -1 100 66.8 289.6 449.5 553.6 561.2 468.5 351.8 327.4 228.8 92.2 25.3 18.2
 1987 1 1 3 0 1 -1 -1 100 28.4 181.8 517.1 876.2 805.8 489.6 298.8 241.8 132.1 70.2 23.2 19.8
 1988 1 1 3 0 1 -1 -1 100 36.3 185.1 474.4 927.7 1028.3 717.6 463.2 402.5 251.1 148.6 52.2 56.6
 1989 1 1 3 0 1 -1 -1 100 11.7 237.3 592.3 1106.5 771 714.2 643.7 404.3 253.5 144.4 106.7 98.6
 1990 1 1 3 0 1 -1 -1 100 99 400.6 757.4 1098.5 1781.6 1029.8 584.1 361.2 147.2 98.3 71.5 86.3
 1991 1 1 3 0 1 -1 -1 100 130.1 805.5 1417 1396.8 1272.7 1180.7 796.4 494 287.6 183.4 68.9 95.9
 1992 1 1 3 0 1 -1 -1 100 58.5 322.9 847 1084.4 1106.8 1044.9 1000.9 747.4 399 275 106.6 81.5
 1993 1 1 3 0 1 -1 -1 100 680 1349.7 1422.2 1237.4 766.9 789.9 764.3 554.4 363.9 221.6 129.1 92.8
 1994 1 1 3 0 1 -1 -1 100 489.6 1531.8 5146.4 3000.5 1060.5 266.2 163.6 96.3 87.3 43.4 32.1 58.5
 1995 1 1 3 0 1 -1 -1 100 130.8 871 4202.8 4650.6 776.2 265.4 121.1 60.1 35.9 24.4 24.5 37.8
 1996 1 1 3 0 1 -1 -1 100 69.7 654.2 1760.4 3063.8 2082.8 1237.3 549.5 227.2 115.8 72.7 38.2 88.4
 1997 1 1 3 0 1 -1 -1 100 398.3 1495.8 2351.7 3074.1 2747.4 1487.5 412.8 154.5 74.2 25.5 20.5 43.6
 1998 1 1 3 0 1 -1 -1 100 408.5 2530.6 2413.2 1663.3 1738.1 1645 1014.1 377 175.9 51.1 49.2 61.8
 1999 1 1 3 0 1 -1 -1 100 317.9 439.8 1179.8 1771.8 1633.4 1514.1 1662.7 1021 609.5 261.9 114.7 129.8
 2000 1 1 3 0 1 -1 -1 100 70 1107.3 1150.8 1291.3 1418.7 1395.6 1465.8 1419.5 731.8 292.3 188 185.7
 2001 1 1 3 0 1 -1 -1 100 45.5 820.5 3211.4 1891.3 1115.3 1229.1 1203.1 1192.2 901.8 548.9 293 454.6
 2002 1 1 3 0 1 -1 -1 100 10.3 363.7 2096.3 3284 1755.4 1207.2 930.1 959.2 649.2 665.6 406.5 434.9
 2003 1 1 3 0 1 -1 -1 100 74.5 469.4 3228 5204.4 2567.2 1269.1 890.8 721 526.9 214.7 189.6 81.4
 2004 1 1 3 0 1 -1 -1 100 1373 2972.8 2091.8 2349 1254.2 754.3 460.3 280.6 211 159.8 62.4 39.1
 2005 1 1 3 0 1 -1 -1 100 1713.9 7818.1 2787 701.2 255.5 154.7 147.9 77.8 59.6 45 18.2 27
 2006 1 1 3 0 1 -1 -1 100 1149 3302.3 4134.6 1825.5 687.2 292.4 136.6 59.3 29.7 28.5 32.9 78.4
 2007 1 1 3 0 1 -1 -1 100 835.6 5479.1 4400.6 906.8 281.7 124.4 88.4 57 34.9 17.7 23.7 29.6
 2008 1 1 3 0 1 -1 -1 100 971.5 3084.8 4250.8 1369.7 322.2 93.5 96 67.5 34.3 20.2 14.5 84.3
 2009 1 1 3 0 1 -1 -1 100 924 3416.6 3516 840.4 306.9 61.9 103.6 48.7 59.5 29.2 21.2 34.4
 2010 1 1 3 0 1 -1 -1 100 952.5 4183.7 3717.1 1314.9 408.5 117.7 97.4 41.6 26 9.5 14 32.9
 2011 1 1 3 0 1 -1 -1 100 1319.8 2817.5 2787.7 971 305.9 105.6 76.4 34 13.8 13.3 10.7 18.1
 2012 1 1 3 0 1 -1 -1 100 291.5 1065.4 1572 579.4 200.2 63.6 42.6 26.7 11.9 9.7 9.3 8.7
 1995 1 2 3 0 1 -1 -1 50 3526.3 9999.3 29793.5 18328.6 9361 4255.8 3087.4 1574.4 1033.1 853.3 935.5 1128
 1997 1 2 3 0 1 -1 -1 50 7701.9 22146.7 22037.4 28719.3 22130.2 13781.8 6195.3 2167.5 2208.7 350.2 637.7 1306.2
 1999 1 2 3 0 1 -1 -1 50 4137.7 8648.9 16164.3 13336.2 10104.1 12263 10788.1 14469.8 6508.3 5263.5 3365.3 7738.6
 2000 1 2 3 0 1 -1 -1 50 11306.7 29964.9 21020.7 11100.1 8722.2 11877.3 9791.1 12093.6 5542.1 4106 2143.6 3912.4
 2001 1 2 3 0 1 -1 -1 50 21947.8 44745.2 56941.4 25869.2 11039.4 9201.7 5615.5 4658.6 3446.8 943.8 1559.9 3591.8
 2002 1 2 3 0 1 -1 -1 50 3368.3 34066.9 55451.9 54457.9 27690.1 18883.1 15272.9 15588.7 9336.5 8319.5 5645.9 9380
 2004 1 2 3 0 1 -1 -1 50 25011.3 21503.1 7806.5 6653.2 2456.2 1670.5 1573.4 979.8 420.3 144.7 83 450.4
 2005 1 2 3 0 1 -1 -1 50 26862.5 45013.5 4987.2 1303.1 885.1 692.8 285.4 88.2 106 0 68.2 38.6
 2006 1 2 3 0 1 -1 -1 50 28908.8 56534.1 16442.2 3498.3 948.9 383.3 181.7 136.3 39 25 17.7 97.5
 2007 1 2 3 0 1 -1 -1 50 36091.2 48715.3 18487.8 1655.5 666.4 300.4 162.2 129.1 93.8 22.6 41.6 50.9
 2008 1 2 3 0 1 -1 -1 50 57715.8 58236.3 14090.7 3186.3 865.2 778.9 534.9 96.9 187.4 58 13.3 272.6
 2009 1 2 3 0 1 -1 -1 50 36397.1 56001.1 21555.4 3268.9 636.2 696.3 245 326 456.3 452.3 206.1 590.2
 2010 1 2 3 0 1 -1 -1 50 36507.1 42930.1 15846.2 3604.2 2019.4 252.4 20.8 107 26.5 66.5 68.6 70.8
 2011 1 2 3 0 1 -1 -1 50 37755.5 31062.9 16646.9 3031.8 1685.6 708.1 136.9 194.5 214.5 134.9 49.6 136.6
 2012 1 2 3 0 1 -1 -1 50 33849 28903 11955 2401 1553 726 280 290 414 248 74 352

0 #_N_MeanSize-at-Age_obs
#Yr Seas Flt/Svy Gender Part Ageerr Ignore datavector(female-male)
#                                          samplesize(female-male)

1 #_N_environ_variables
15 #_N_environ_obs
 1995 1 0.03
 1999 1 0.25
 2000 1 0.25
 2001 1 1.96
 2002 1 7.77
 2003 1 45.01
 2004 1 52.53
 2005 1 22.43
 2006 1 11.73
 2007 1 7.24
 2008 1 18.47
 2009 1 10.94
 2010 1 6.72
 2011 1 11.21
 2012 1 20.9
0 # N sizefreq methods to read 

0 # no tag data 

0 # no morphcomp data 

999

#_expected values with no error added 
1940 #_styr
2012 #_endyr
1 #_nseas
 12 #_months/season
1 #_spawn_seas
1 #_Nfleet
1 #_Nsurveys
1 #_N_areas
FISHERY1%BIOSURVEY
 0.5 0.583 #_surveytiming_in_season
 1 1 #_area_assignments_for_each_fishery_and_survey
 1 #_units of catch:  1=bio; 2=num
 0.05 #_se of log(catch) only used for init_eq_catch and for Fmethod 2 and 3; use -1 for discard only fleets
1 #_Ngenders
20 #_Nages
 0 #_init_equil_catch_for_each_fishery
73 #_N_lines_of_catch_to_read
#_catch_biomass(mtons):_columns_are_fisheries,year,season
7389 1940 1
862 1941 1
9113 1942 1
11083 1943 1
8374 1944 1
11083 1945 1
15171 1946 1
21941 1947 1
23411 1948 1
31363 1949 1
33105 1950 1
42831 1951 1
64448 1952 1
59026 1953 1
56091 1954 1
93974 1955 1
78204 1956 1
81393 1957 1
75596 1958 1
77818 1959 1
79043 1960 1
75133 1961 1
93542 1962 1
101963 1963 1
73057 1964 1
106065 1965 1
94379 1966 1
80417 1967 1
130420 1968 1
85740 1969 1
88276 1970 1
66004 1971 1
66887 1972 1
46501 1973 1
43483 1974 1
32433 1975 1
29639 1976 1
36563 1977 1
34144 1978 1
31806 1979 1
31731 1980 1
32739 1981 1
26393 1982 1
25294 1983 1
33220 1984 1
28688 1985 1
29715 1986 1
30905 1987 1
50136 1988 1
46881 1989 1
52820 1990 1
63663 1991 1
62560 1992 1
61823 1993 1
67021 1994 1
75403 1995 1
84897 1996 1
80197 1997 1
76731 1998 1
103790 1999 1
110140 2000 1
121200 2001 1
116040 2002 1
115340 2003 1
73598 2004 1
47436 2005 1
47958 2006 1
45848 2007 1
47936 2008 1
47144 2009 1
49197 2010 1
45078 2011 1
45078 2012 1
#
43 #_N_cpue_and_surveyabundance_observations
#_Units:  0=numbers; 1=biomass; 2=F
#_Errtype:  -1=normal; 0=lognormal; >0=T
#_Fleet Units Errtype
1 1 0
2 1 0
#_year seas index obs err
1983 1 1 0.67 0.2 #_orig_obs: 0.67 FISHERY1
1984 1 1 0.83 0.2 #_orig_obs: 0.83 FISHERY1
1985 1 1 0.79 0.2 #_orig_obs: 0.79 FISHERY1
1986 1 1 0.98 0.2 #_orig_obs: 0.98 FISHERY1
1987 1 1 1.29 0.2 #_orig_obs: 1.29 FISHERY1
1988 1 1 1.34 0.2 #_orig_obs: 1.34 FISHERY1
1989 1 1 1.51 0.2 #_orig_obs: 1.51 FISHERY1
1990 1 1 1.42 0.2 #_orig_obs: 1.42 FISHERY1
1991 1 1 1.29 0.2 #_orig_obs: 1.29 FISHERY1
1992 1 1 2.04 0.2 #_orig_obs: 2.04 FISHERY1
1993 1 1 1.51 0.2 #_orig_obs: 1.51 FISHERY1
1994 1 1 2.3 0.2 #_orig_obs: 2.3 FISHERY1
1995 1 1 3.63 0.2 #_orig_obs: 3.63 FISHERY1
1996 1 1 2.48 0.2 #_orig_obs: 2.48 FISHERY1
1997 1 1 3.05 0.2 #_orig_obs: 3.05 FISHERY1
1998 1 1 3.15 0.2 #_orig_obs: 3.15 FISHERY1
1999 1 1 3.35 0.2 #_orig_obs: 3.35 FISHERY1
2000 1 1 4.55 0.2 #_orig_obs: 4.55 FISHERY1
2001 1 1 3.06 0.2 #_orig_obs: 3.06 FISHERY1
2002 1 1 4.58 0.2 #_orig_obs: 4.58 FISHERY1
2003 1 1 2.87 0.2 #_orig_obs: 2.87 FISHERY1
2004 1 1 0.97 0.2 #_orig_obs: 0.97 FISHERY1
2005 1 1 1.01 0.2 #_orig_obs: 1.01 FISHERY1
2006 1 1 1.13 0.2 #_orig_obs: 1.13 FISHERY1
2007 1 1 1.06 0.2 #_orig_obs: 1.06 FISHERY1
2008 1 1 1.37 0.2 #_orig_obs: 1.37 FISHERY1
2009 1 1 1.6 0.2 #_orig_obs: 1.6 FISHERY1
2010 1 1 1.35 0.2 #_orig_obs: 1.35 FISHERY1
2011 1 1 1.05 0.2 #_orig_obs: 1.05 FISHERY1
1995 1 2 742.184 0.2 #_orig_obs: 505.76 BIOSURVEY
1997 1 2 674.83 0.2 #_orig_obs: 713.59 BIOSURVEY
1999 1 2 793.826 0.2 #_orig_obs: 901.11 BIOSURVEY
2000 1 2 757.824 0.2 #_orig_obs: 891.6 BIOSURVEY
2001 1 2 613.013 0.2 #_orig_obs: 918.05 BIOSURVEY
2004 1 2 341.296 0.2 #_orig_obs: 272.08 BIOSURVEY
2005 1 2 298.12 0.2 #_orig_obs: 223.72 BIOSURVEY
2006 1 2 280.053 0.2 #_orig_obs: 266.6 BIOSURVEY
2007 1 2 305.117 0.2 #_orig_obs: 278.7 BIOSURVEY
2008 1 2 293.009 0.2 #_orig_obs: 313.78 BIOSURVEY
2009 1 2 291.329 0.2 #_orig_obs: 322.73 BIOSURVEY
2010 1 2 284.016 0.2 #_orig_obs: 284.57 BIOSURVEY
2011 1 2 274.675 0.2 #_orig_obs: 290.33 BIOSURVEY
2012 1 2 256.982 0.2 #_orig_obs: 272.82 BIOSURVEY

0 #_N_fleets_with_discard
#_discard_units (1=same_as_catchunits(bio/num); 2=fraction; 3=numbers)
#_discard_errtype:  >0 for DF of T-dist(read CV below); 0 for normal with CV; -1 for normal with se; -2 for lognormal
#Fleet Disc_units err_type
0 #N discard obs
#_year seas index obs err
#
0 #_N_meanbodywt_obs
30 #_DF_for_meanbodywt_T-distribution_like

2 # length bin method: 1=use databins; 2=generate from binwidth,min,max below; 3=read vector
2 # binwidth for population size comp 
10 # minimum size in the population (lower edge of first bin and size at age 0.00) 
94 # maximum size in the population (lower edge of last bin) 

-1 #_comp_tail_compression
1e-07 #_add_to_comp
0 #_combine males into females at or below this bin number
25 #_N_LengthBins
 26 28 30 32 34 36 38 40 42 44 46 48 50 52 54 56 58 60 62 64 68 72 76 80 90
0 #_N_Length_obs
#Yr Seas Flt/Svy Gender Part Nsamp datavector(female-male)

12 #_N_age_bins
 2 3 4 5 6 7 8 9 10 11 12 13
1 #_N_ageerror_definitions
 -1 -1 -1 -1 -1 -1 -1 -1 -1 -1 -1 -1 -1 -1 -1 -1 -1 -1 -1 -1 -1
 0.001 0.001 0.001 0.001 0.001 0.001 0.001 0.001 0.001 0.001 0.001 0.001 0.001 0.001 0.001 0.001 0.001 0.001 0.001 0.001 0.001
60 #_N_Agecomp_obs
1 #_Lbin_method: 1=poplenbins; 2=datalenbins; 3=lengths
0 #_combine males into females at or below this bin number
#Yr Seas Flt/Svy Gender Part Ageerr Lbin_lo Lbin_hi Nsamp datavector(female-male)
 1968 1 1 3 0 1 -1 -1 1  0.054217 0.113696 0.18957 0.184734 0.139464 0.0978294 0.0675162 0.046533 0.0322212 0.0223716 0.0155732 0.0362743
 1969 1 1 3 0 1 -1 -1 1  0.0542334 0.121675 0.212211 0.187325 0.131392 0.0906907 0.0624166 0.0429128 0.0295538 0.0204612 0.014206 0.032923
 1970 1 1 3 0 1 -1 -1 1  0.0510544 0.119562 0.221302 0.206122 0.131931 0.0848116 0.0574665 0.0394046 0.0270718 0.0186415 0.0129059 0.0297263
 1971 1 1 3 0 1 -1 -1 1  0.0480783 0.11256 0.218505 0.21666 0.146361 0.085852 0.0541766 0.0365732 0.0250599 0.0172142 0.0118533 0.0271076
 1972 1 1 3 0 1 -1 -1 1  0.04653 0.106197 0.207774 0.217284 0.156981 0.097331 0.056063 0.0352501 0.0237794 0.0162913 0.0111906 0.0253273
 1973 1 1 3 0 1 -1 -1 1  0.0480402 0.101147 0.198505 0.210042 0.160202 0.106247 0.0646892 0.0371264 0.0233268 0.0157339 0.010779 0.0241615
 1974 1 1 3 0 1 -1 -1 1  0.047761 0.105402 0.189066 0.201953 0.156589 0.109801 0.0715342 0.0433993 0.0248902 0.0156366 0.0105466 0.0234207
 1975 1 1 3 0 1 -1 -1 1  0.0466869 0.104378 0.196487 0.192491 0.150884 0.107597 0.0741204 0.0481178 0.0291723 0.0167285 0.0105089 0.0228283
 1976 1 1 3 0 1 -1 -1 1  0.0459689 0.101108 0.194141 0.20048 0.144564 0.104316 0.0730956 0.0501775 0.0325519 0.0197326 0.0113151 0.022549
 1977 1 1 3 0 1 -1 -1 1  0.0446582 0.1011 0.189158 0.19918 0.15146 0.100561 0.0713053 0.0497902 0.0341556 0.022155 0.0134297 0.0230472
 1978 1 1 3 0 1 -1 -1 1  0.0458446 0.0970574 0.190317 0.195028 0.151031 0.105699 0.0689544 0.0487226 0.0339979 0.0233191 0.0151255 0.024903
 1979 1 1 3 0 1 -1 -1 1  0.0459585 0.100636 0.182918 0.196602 0.148259 0.10569 0.0726805 0.0472483 0.0333622 0.0232765 0.0159649 0.0274043
 1980 1 1 3 0 1 -1 -1 1  0.0466716 0.100309 0.189342 0.188495 0.149049 0.103461 0.0724708 0.0496622 0.0322622 0.0227774 0.0158911 0.0296084
 1981 1 1 3 0 1 -1 -1 1  0.0469297 0.10224 0.188458 0.194499 0.142313 0.103553 0.0706245 0.0492961 0.0337577 0.0219271 0.0154803 0.0309229
 1982 1 1 3 0 1 -1 -1 1  0.0469323 0.102055 0.19141 0.193207 0.146559 0.0986718 0.0705421 0.0479416 0.0334401 0.0228965 0.0148719 0.0314723
 1983 1 1 3 0 1 -1 -1 1  0.0461217 0.10179 0.190199 0.196107 0.145894 0.10192 0.0674316 0.0480402 0.0326265 0.0227545 0.0155797 0.0315341
 1984 1 1 3 0 1 -1 -1 1  0.0460835 0.100128 0.190209 0.195196 0.14834 0.10164 0.0697779 0.0460053 0.0327531 0.0222413 0.0155112 0.032116
 1985 1 1 3 0 1 -1 -1 1  0.0465323 0.0998373 0.187791 0.195763 0.147884 0.10346 0.0696571 0.0476537 0.0313969 0.0223497 0.0151764 0.0324982
 1986 1 1 3 0 1 -1 -1 1  0.0463602 0.100982 0.186982 0.193272 0.148498 0.103314 0.0710288 0.0476557 0.0325798 0.0214625 0.0152776 0.0325886
 1987 1 1 3 0 1 -1 -1 1  0.0433568 0.103092 0.18923 0.192439 0.14655 0.103689 0.0708896 0.0485673 0.0325631 0.0222587 0.014663 0.0327013
 1988 1 1 3 0 1 -1 -1 1  0.042701 0.0963827 0.194442 0.195225 0.146074 0.102406 0.071196 0.0485049 0.0332083 0.0222623 0.0152172 0.0323802
 1989 1 1 3 0 1 -1 -1 1  0.0433571 0.0958594 0.184076 0.202227 0.148827 0.102386 0.0705109 0.0488476 0.0332558 0.0227651 0.015261 0.032628
 1990 1 1 3 0 1 -1 -1 1  0.0465024 0.0961066 0.18327 0.191569 0.154302 0.104421 0.0705701 0.048428 0.0335258 0.0228215 0.0156219 0.0328622
 1991 1 1 3 0 1 -1 -1 1  0.0518921 0.101249 0.183014 0.189121 0.14462 0.107049 0.0711572 0.0479181 0.0328601 0.0227453 0.0154826 0.0328925
 1992 1 1 3 0 1 -1 -1 1  0.0592939 0.108868 0.189886 0.185236 0.139611 0.0980159 0.0712487 0.047189 0.031755 0.0217731 0.0150706 0.0320522
 1993 1 1 3 0 1 -1 -1 1  0.0533324 0.131457 0.198736 0.186947 0.132956 0.091988 0.0634193 0.0459332 0.0304005 0.0204546 0.0140245 0.0303525
 1994 1 1 3 0 1 -1 -1 1  0.045159 0.119991 0.236461 0.192434 0.131874 0.0860792 0.0584817 0.0401729 0.0290755 0.0192407 0.0129455 0.0280855
 1995 1 1 3 0 1 -1 -1 1  0.0492184 0.0960476 0.220542 0.233141 0.137936 0.0867029 0.0555661 0.0376133 0.0258191 0.0186842 0.0123639 0.0263659
 1996 1 1 3 0 1 -1 -1 1  0.066776 0.0972516 0.180531 0.221475 0.169848 0.0921146 0.0568416 0.0362945 0.0245503 0.0168498 0.0121931 0.0252745
 1997 1 1 3 0 1 -1 -1 1  0.0642235 0.148115 0.178001 0.176114 0.156415 0.109882 0.0584935 0.0359609 0.0229449 0.0155182 0.0106504 0.0236823
 1998 1 1 3 0 1 -1 -1 1  0.0612627 0.132668 0.25811 0.165478 0.118591 0.0964973 0.0665415 0.0352909 0.0216804 0.0138313 0.00935416 0.020695
 1999 1 1 3 0 1 -1 -1 1  0.0585842 0.127613 0.231856 0.239378 0.111 0.0728599 0.0581914 0.0399779 0.0211871 0.0130141 0.00830228 0.0180369
 2000 1 1 3 0 1 -1 -1 1  0.0418959 0.138564 0.22876 0.218868 0.162478 0.0688758 0.0443565 0.0352918 0.0242275 0.012838 0.00788548 0.0159592
 2001 1 1 3 0 1 -1 -1 1  0.0318895 0.102687 0.25651 0.222175 0.152631 0.103548 0.0430635 0.0276274 0.0219649 0.0150765 0.00798872 0.0148377
 2002 1 1 3 0 1 -1 -1 1  0.0303895 0.0815602 0.20344 0.26438 0.163658 0.102606 0.0682711 0.0282824 0.0181307 0.0144125 0.00989233 0.0149772
 2003 1 1 3 0 1 -1 -1 1  0.0418759 0.0754779 0.171565 0.219512 0.202455 0.114148 0.0701589 0.0464967 0.019247 0.0123366 0.00980633 0.0169211
 2004 1 1 3 0 1 -1 -1 1  0.0859216 0.259942 0.172635 0.139728 0.115244 0.0948029 0.0521796 0.0319176 0.0211329 0.00874623 0.00560581 0.0121449
 2005 1 1 3 0 1 -1 -1 1  0.0945953 0.31437 0.182204 0.108106 0.0872715 0.0719749 0.0592085 0.0325884 0.019934 0.0131984 0.00546243 0.011086
 2006 1 1 3 0 1 -1 -1 1  0.109713 0.323635 0.21133 0.109735 0.0649429 0.0524238 0.0432352 0.0355664 0.0195758 0.0119743 0.00792831 0.0099406
 2007 1 1 3 0 1 -1 -1 1  0.0999097 0.36479 0.208686 0.122008 0.0631916 0.0373958 0.030187 0.0248959 0.02048 0.0112723 0.00689515 0.0102893
 2008 1 1 3 0 1 -1 -1 1  0.108345 0.336714 0.240037 0.122959 0.0717042 0.0371357 0.0219763 0.0177399 0.0146306 0.0120355 0.00662438 0.0100987
 2009 1 1 3 0 1 -1 -1 1  0.0890282 0.366754 0.220036 0.14043 0.0717511 0.0418397 0.0216688 0.0128233 0.0103513 0.008537 0.00702278 0.00975796
 2010 1 1 3 0 1 -1 -1 1  0.0790741 0.322538 0.257169 0.138173 0.0879586 0.044939 0.0262049 0.0135716 0.00803147 0.00648325 0.00534691 0.01051
 2011 1 1 3 0 1 -1 -1 1  0.0803435 0.296083 0.234523 0.167449 0.0897383 0.0571227 0.0291846 0.0170182 0.00881377 0.00521588 0.00421043 0.0102979
 2012 1 1 3 0 1 -1 -1 1  0.0761807 0.301778 0.215728 0.153058 0.109005 0.0584141 0.0371833 0.0189974 0.0110778 0.00573725 0.00339524 0.00944397
 1995 1 2 3 0 1 -1 -1 1  0.290481 0.209136 0.179279 0.126976 0.067849 0.0417492 0.0266429 0.0180198 0.0123674 0.00894951 0.00592215 0.0126288
 1997 1 2 3 0 1 -1 -1 1  0.356139 0.26869 0.120504 0.0798563 0.0640495 0.0440455 0.0233475 0.0143417 0.00914925 0.00618767 0.0042467 0.00944288
 1999 1 2 3 0 1 -1 -1 1  0.3607 0.233343 0.158034 0.109185 0.0457086 0.029368 0.0233558 0.0160322 0.00849519 0.005218 0.00332879 0.00723182
 2000 1 2 3 0 1 -1 -1 1  0.280777 0.27605 0.169871 0.108755 0.072887 0.0302435 0.0193942 0.0154178 0.0105825 0.00560743 0.00344425 0.00697065
 2001 1 2 3 0 1 -1 -1 1  0.234399 0.23172 0.2156 0.124889 0.0774438 0.0514254 0.0212956 0.0136507 0.0108511 0.00744786 0.00394646 0.00732982
 2002 1 2 3 0 1 -1 -1 1  0.220431 0.201236 0.186799 0.162239 0.0906309 0.055614 0.0368458 0.0152512 0.0097753 0.00777035 0.00533333 0.00807472
 2004 1 2 3 0 1 -1 -1 1  0.354894 0.198046 0.118202 0.0954357 0.0787084 0.0647476 0.0356371 0.0217988 0.0144332 0.00597345 0.00382864 0.00829462
 2005 1 2 3 0 1 -1 -1 1  0.375745 0.232285 0.121045 0.0716431 0.0578326 0.0476959 0.0392359 0.0215955 0.0132097 0.00874629 0.00361984 0.00734646
 2006 1 2 3 0 1 -1 -1 1  0.416988 0.22671 0.133088 0.0689378 0.0407964 0.032932 0.0271598 0.0223424 0.0122973 0.00752215 0.0049805 0.0062446
 2007 1 2 3 0 1 -1 -1 1  0.389213 0.263583 0.135562 0.0790619 0.0409464 0.0242314 0.0195603 0.0161319 0.0132705 0.00730413 0.00446789 0.00666723
 2008 1 2 3 0 1 -1 -1 1  0.414163 0.236267 0.151418 0.0773738 0.0451185 0.0233669 0.0138282 0.0111625 0.00920601 0.00757312 0.00416829 0.00635446
 2009 1 2 3 0 1 -1 -1 1  0.361703 0.273701 0.14763 0.0939885 0.0480198 0.0280014 0.014502 0.00858207 0.00692771 0.00571346 0.00470006 0.0065306
 2010 1 2 3 0 1 -1 -1 1  0.332891 0.250269 0.179399 0.0961521 0.0612055 0.0312705 0.0182346 0.00944373 0.00558867 0.00451136 0.00372064 0.00731337
 2011 1 2 3 0 1 -1 -1 1  0.337954 0.229035 0.163106 0.116172 0.0622548 0.0396281 0.0202464 0.0118062 0.00611446 0.00361848 0.00292096 0.00714405
 2012 1 2 3 0 1 -1 -1 1  0.325142 0.23679 0.152172 0.107701 0.0766983 0.0411013 0.0261629 0.0133669 0.00779459 0.00403687 0.00238899 0.00664499

0 #_N_MeanSize-at-Age_obs
#Yr Seas Flt/Svy Gender Part Ageerr Ignore datavector(female-male)
#                                          samplesize(female-male)

1 #_N_environ_variables
15 #_N_environ_obs
 1995 1 0.03
 1999 1 0.25
 2000 1 0.25
 2001 1 1.96
 2002 1 7.77
 2003 1 45.01
 2004 1 52.53
 2005 1 22.43
 2006 1 11.73
 2007 1 7.24
 2008 1 18.47
 2009 1 10.94
 2010 1 6.72
 2011 1 11.21
 2012 1 20.9
0 # N sizefreq methods to read 

0 # no tag data 

0 # no morphcomp data 

999

ENDDATA
