#V3.24f
#_SS-V3.24f-safe-Lin64;_08/03/2012;_Stock_Synthesis_by_Richard_Methot_(NOAA)_using_ADMB_11
#_Start_time: Fri Jul 16 17:29:43 2021
#_Number_of_datafiles: 3
#C data file for chilean hake
#_observed data: 
1940 #_styr
2013 #_endyr
1 #_nseas
 12 #_months/season
1 #_spawn_seas
3 #_Nfleet
1 #_Nsurveys
1 #_N_areas
FISHERY1%FISHERY2%FISHERY3%BIOSURVEY1
 0.5 0.5 0.5 0.583 #_surveytiming_in_season
 1 1 1 1 #_area_assignments_for_each_fishery_and_survey
 1 1 1 #_units of catch:  1=bio; 2=num
 0.05 0.05 0.05 #_se of log(catch) only used for init_eq_catch and for Fmethod 2 and 3; use -1 for discard only fleets
2 #_Ngenders
20 #_Nages
 0 0 0 #_init_equil_catch_for_each_fishery
74 #_N_lines_of_catch_to_read
#_catch_biomass(mtons):_columns_are_fisheries,year,season
 6.65 0.74 0.12 1940 1
 7.76 0.86 0.14 1941 1
 8.2 0.91 0.15 1942 1
 9.97 1.11 0.18 1943 1
 7.54 0.84 0.13 1944 1
 9.97 1.11 0.18 1945 1
 13.65 1.52 0.24 1946 1
 19.75 2.19 0.35 1947 1
 21.07 2.34 0.37 1948 1
 28.23 3.14 0.5 1949 1
 29.79 3.31 0.53 1950 1
 38.55 4.28 0.69 1951 1
 58 6.44 1.03 1952 1
 53.12 5.9 0.94 1953 1
 50.48 5.61 0.9 1954 1
 84.58 9.4 1.5 1955 1
 70.38 7.82 1.25 1956 1
 73.25 8.14 1.3 1957 1
 68.04 7.56 1.21 1958 1
 70.04 7.78 1.25 1959 1
 71.14 6.65 1.25 1960 1
 67.62 6.32 1.19 1961 1
 84.19 7.87 1.48 1962 1
 91.77 8.58 1.62 1963 1
 65.75 6.15 1.16 1964 1
 95.46 8.92 1.68 1965 1
 84.94 7.94 1.5 1966 1
 72.38 6.77 1.28 1967 1
 123.55 5.78 1.09 1968 1
 80.97 4.02 0.76 1969 1
 83.88 3.7 0.7 1970 1
 60.74 4.42 0.83 1971 1
 63.72 2.67 0.5 1972 1
 42.89 3.04 0.57 1973 1
 38.1 4.53 0.85 1974 1
 27.89 3.83 0.72 1975 1
 25.1 3.82 0.72 1976 1
 32.51 3.41 0.64 1977 1
 29.13 4.14 0.88 1978 1
 27.59 3.85 0.37 1979 1
 26.27 4.17 1.29 1980 1
 25.27 6.28 1.2 1981 1
 18.33 6.97 1.09 1982 1
 18.59 6.08 0.63 1983 1
 23.58 8.83 0.81 1984 1
 21.28 6.76 0.65 1985 1
 21.12 7.16 1.44 1986 1
 22.58 6.83 1.5 1987 1
 40.43 6.87 2.84 1988 1
 35.97 7.53 3.38 1989 1
 44.05 7.31 1.45 1990 1
 53.81 7.85 2.01 1991 1
 54.32 6.24 2 1992 1
 51.65 7.57 2.6 1993 1
 54.62 9.46 2.94 1994 1
 58.83 11.61 4.96 1995 1
 64.72 18.17 2.01 1996 1
 69.03 9.79 1.37 1997 1
 68.53 9.19 1.47 1998 1
 81.19 18.32 4.26 1999 1
 84.84 21.02 4.24 2000 1
 88.98 24.52 7.57 2001 1
 89.22 16.87 9.91 2002 1
 89.59 11.54 14.13 2003 1
 57.34 3.34 12.57 2004 1
 42.86 1.04 3.48 2005 1
 43.69 1.17 3.08 2006 1
 37.48 1.27 4.89 2007 1
 35.11 1.51 11.25 2008 1
 33.52 0.66 12.93 2009 1
 33.8 0.14 15.22 2010 1
 32.87 0.21 16.64 2011 1
 28.3 0.21 16.64 2012 1
 25.4 0.2 14.2 2013 1

#
56 #_N_cpue_and_surveyabundance_observations
#_Units:  0=numbers; 1=biomass; 2=F
#_Errtype:  -1=normal; 0=lognormal; >0=T
#_Fleet Units Errtype
1 1 0 # FISHERY1
2 1 0 # FISHERY2
3 1 0 # FISHERY3
4 1 0 # BIOSURVEY1
#_year seas index obs err
 1983 1 1 0.64 0.2 # FISHERY1
 1984 1 1 0.85 0.2 # FISHERY1
 1985 1 1 0.78 0.2 # FISHERY1
 1986 1 1 0.97 0.2 # FISHERY1
 1987 1 1 1.27 0.2 # FISHERY1
 1988 1 1 1.29 0.2 # FISHERY1
 1989 1 1 1.45 0.2 # FISHERY1
 1990 1 1 1.34 0.2 # FISHERY1
 1991 1 1 1.24 0.2 # FISHERY1
 1992 1 1 1.89 0.2 # FISHERY1
 1993 1 1 1.4 0.2 # FISHERY1
 1994 1 1 2.27 0.2 # FISHERY1
 1995 1 1 3.26 0.2 # FISHERY1
 1996 1 1 2.58 0.2 # FISHERY1
 1997 1 1 3.1 0.2 # FISHERY1
 1998 1 1 2.88 0.2 # FISHERY1
 1999 1 1 3.4 0.2 # FISHERY1
 2000 1 1 4.08 0.2 # FISHERY1
 2001 1 1 3.24 0.2 # FISHERY1
 2002 1 1 4.51 0.2 # FISHERY1
 2003 1 1 3 0.2 # FISHERY1
 2004 1 1 0.97 0.2 # FISHERY1
 2005 1 1 1.05 0.2 # FISHERY1
 2006 1 1 1.15 0.2 # FISHERY1
 2007 1 1 1.07 0.2 # FISHERY1
 2008 1 1 1.57 0.2 # FISHERY1
 2009 1 1 1.74 0.2 # FISHERY1
 2010 1 1 1.66 0.2 # FISHERY1
 2011 1 1 1.24 0.2 # FISHERY1
 2012 1 1 1.73 0.2 # FISHERY1
 1999 1 2 1.82 0.2 # FISHERY2
 2000 1 2 2.88 0.2 # FISHERY2
 2001 1 2 1.73 0.2 # FISHERY2
 2002 1 2 1.44 0.2 # FISHERY2
 2003 1 2 0.98 0.2 # FISHERY2
 2004 1 2 1.15 0.2 # FISHERY2
 2005 1 2 0.63 0.2 # FISHERY2
 2006 1 2 0.47 0.2 # FISHERY2
 2007 1 2 0.61 0.2 # FISHERY2
 2008 1 2 0.73 0.2 # FISHERY2
 2009 1 2 0.71 0.2 # FISHERY2
 1995 1 4 505.76 0.1 # BIOSURVEY1
 1997 1 4 713.59 0.1 # BIOSURVEY1
 1999 1 4 901.11 0.1 # BIOSURVEY1
 2000 1 4 891.6 0.1 # BIOSURVEY1
 2001 1 4 918.05 0.1 # BIOSURVEY1
 2004 1 4 272.08 0.1 # BIOSURVEY1
 2005 1 4 223.72 0.1 # BIOSURVEY1
 2006 1 4 266.6 0.1 # BIOSURVEY1
 2007 1 4 278.7 0.1 # BIOSURVEY1
 2008 1 4 313.78 0.1 # BIOSURVEY1
 2009 1 4 322.73 0.1 # BIOSURVEY1
 2010 1 4 284.57 0.1 # BIOSURVEY1
 2011 1 4 290.33 0.1 # BIOSURVEY1
 2012 1 4 272.82 0.1 # BIOSURVEY1
 2013 1 4 224.99 0.1 # BIOSURVEY1

0 #_N_fleets_with_discard
#_discard_units (1=same_as_catchunits(bio/num); 2=fraction; 3=numbers)
#_discard_errtype:  >0 for DF of T-dist(read CV below); 0 for normal with CV; -1 for normal with se; -2 for lognormal
#Fleet Disc_units err_type
0 #N discard obs
#_year seas index obs err
#
0 #_N_meanbodywt_obs
30 #_DF_for_meanbodywt_T-distribution_like

2 # length bin method: 1=use databins; 2=generate from binwidth,min,max below; 3=read vector
2 # binwidth for population size comp 
2 # minimum size in the population (lower edge of first bin and size at age 0.00) 
86 # maximum size in the population (lower edge of last bin) 

-1 #_comp_tail_compression
1e-07 #_add_to_comp
0 #_combine males into females at or below this bin number
35 #_N_LengthBins
 18 20 22 24 26 28 30 32 34 36 38 40 42 44 46 48 50 52 54 56 58 60 62 64 66 68 70 72 74 76 78 80 82 84 86
29 #_N_Length_obs
#Yr Seas Flt/Svy Gender Part Nsamp datavector(female-male)
 1998 1 2 0 0 50 0 26 20 36 49 123 151 160 202 229 203 209 192 167 145 107 64 41 22 18 10 6 3 3 2 1 1 1 0 0 0 0 0 0 0 0 26 20 36 49 123 151 160 202 229 203 209 192 167 145 107 64 41 22 18 10 6 3 3 2 1 1 1 0 0 0 0 0 0 0
 1999 1 2 0 0 50 0 6 9 8 37 21 54 59 83 113 140 190 247 324 395 353 262 179 110 60 28 20 10 7 6 3 3 1 1 1 0 0 0 0 0 0 6 9 8 37 21 54 59 83 113 140 190 247 324 395 353 262 179 110 60 28 20 10 7 6 3 3 1 1 1 0 0 0 0 0
 2000 1 2 0 0 50 0 0 0 4 27 58 68 70 86 104 121 159 234 344 431 471 378 219 113 50 24 12 6 3 3 1 1 1 1 1 0 0 0 0 0 0 0 0 4 27 58 68 70 86 104 121 159 234 344 431 471 378 219 113 50 24 12 6 3 3 1 1 1 1 1 0 0 0 0 0
 2001 1 2 0 0 50 0 0 0 0 1 5 20 36 72 156 306 455 538 615 502 375 198 105 51 24 9 4 3 1 1 1 1 1 1 0 0 0 0 0 0 0 0 0 0 1 5 20 36 72 156 306 455 538 615 502 375 198 105 51 24 9 4 3 1 1 1 1 1 1 0 0 0 0 0 0
 2002 1 2 0 0 50 0 0 0 6 22 46 67 76 122 165 233 327 421 466 398 278 171 97 53 23 12 5 3 1 1 1 1 1 1 1 0 0 0 0 0 0 0 0 6 22 46 67 76 122 165 233 327 421 466 398 278 171 97 53 23 12 5 3 1 1 1 1 1 1 1 0 0 0 0 0
 2003 1 2 0 0 50 0 0 2 1 2 1 11 24 77 121 216 352 434 385 239 147 69 38 18 11 5 3 1 1 1 1 0 0 0 0 0 0 0 0 0 0 0 2 1 2 1 11 24 77 121 216 352 434 385 239 147 69 38 18 11 5 3 1 1 1 1 0 0 0 0 0 0 0 0 0
 2004 1 2 0 0 50 0 0 2 4 1 10 18 18 41 56 67 105 96 84 63 40 25 13 9 5 3 1 1 0 0 0 0 0 0 0 0 0 0 0 0 0 0 2 4 1 10 18 18 41 56 67 105 96 84 63 40 25 13 9 5 3 1 1 0 0 0 0 0 0 0 0 0 0 0 0
 2005 1 2 0 0 50 0 9 20 30 25 22 27 27 49 53 37 24 9 6 4 2 2 2 2 0 0 0 0 0 0 0 0 0 0 0 0 0 0 0 0 0 9 20 30 25 22 27 27 49 53 37 24 9 6 4 2 2 2 2 0 0 0 0 0 0 0 0 0 0 0 0 0 0 0 0
 2006 1 2 0 0 50 0 2 22 56 67 68 65 49 55 53 40 26 12 4 2 1 0 0 0 0 0 0 0 0 0 0 0 0 0 0 0 0 0 0 0 0 2 22 56 67 68 65 49 55 53 40 26 12 4 2 1 0 0 0 0 0 0 0 0 0 0 0 0 0 0 0 0 0 0 0
 2007 1 2 0 0 50 0 1 3 29 51 88 89 89 88 52 20 15 7 3 1 0 0 0 0 0 0 0 0 0 0 0 0 0 0 0 0 0 0 0 0 0 1 3 29 51 88 89 89 88 52 20 15 7 3 1 0 0 0 0 0 0 0 0 0 0 0 0 0 0 0 0 0 0 0 0
 2008 1 2 0 0 50 0 0 2 31 63 103 132 113 99 55 28 14 6 3 1 0 0 0 0 0 0 0 0 0 0 0 0 0 0 0 0 0 0 0 0 0 0 2 31 63 103 132 113 99 55 28 14 6 3 1 0 0 0 0 0 0 0 0 0 0 0 0 0 0 0 0 0 0 0 0
 2009 1 2 0 0 50 0 0 0 4 34 69 86 60 31 14 5 2 1 0 0 0 0 0 0 0 0 0 0 0 0 0 0 0 0 0 0 0 0 0 0 0 0 0 4 34 69 86 60 31 14 5 2 1 0 0 0 0 0 0 0 0 0 0 0 0 0 0 0 0 0 0 0 0 0 0
 2010 1 2 0 0 50 0 0 0 0 1 5 9 13 7 5 4 2 1 0 0 0 0 0 0 0 0 0 0 0 0 0 0 0 0 0 0 0 0 0 0 0 0 0 0 1 5 9 13 7 5 4 2 1 0 0 0 0 0 0 0 0 0 0 0 0 0 0 0 0 0 0 0 0 0 0
 2011 1 2 0 0 50 0 0 1 2 4 11 22 22 14 7 2 1 1 0 0 0 0 0 0 0 0 0 0 0 0 0 0 0 0 0 0 0 0 0 0 0 0 1 2 4 11 22 22 14 7 2 1 1 0 0 0 0 0 0 0 0 0 0 0 0 0 0 0 0 0 0 0 0 0 0
 2012 1 2 0 0 50 0 0 0 0 3 13 16 16 10 5 3 2 1 1 0 0 0 0 0 0 0 0 0 0 0 0 0 0 0 0 0 0 0 0 0 0 0 0 0 3 13 16 16 10 5 3 2 1 1 0 0 0 0 0 0 0 0 0 0 0 0 0 0 0 0 0 0 0 0 0
 2013 1 2 0 0 50 0 0 0 1 1 6 13 13 9 6 2 1 0 0 0 0 0 0 0 0 0 0 0 0 0 0 0 0 0 0 0 0 0 0 0 0 0 0 1 1 6 13 13 9 6 2 1 0 0 0 0 0 0 0 0 0 0 0 0 0 0 0 0 0 0 0 0 0 0 0
 2001 1 3 0 0 50 0 0 0 0 0 0 0 2 2 5 14 64 152 205 161 121 88 45 23 16 5 5 3 2 1 1 0 0 0 0 0 0 0 0 0 0 0 0 0 0 0 0 2 2 5 14 64 152 205 161 121 88 45 23 16 5 5 3 2 1 1 0 0 0 0 0 0 0 0 0
 2002 1 3 0 0 50 0 0 0 0 0 0 0 1 1 3 12 49 125 220 299 277 200 120 58 27 11 4 1 1 1 1 0 0 0 0 0 0 0 0 0 0 0 0 0 0 0 0 1 1 3 12 49 125 220 299 277 200 120 58 27 11 4 1 1 1 1 0 0 0 0 0 0 0 0 0
 2003 1 3 0 0 50 0 0 0 0 0 1 1 1 6 10 36 111 322 538 510 308 198 103 52 16 6 1 1 0 0 0 0 0 0 0 0 0 0 0 0 0 0 0 0 0 1 1 1 6 10 36 111 322 538 510 308 198 103 52 16 6 1 1 0 0 0 0 0 0 0 0 0 0 0 0
 2004 1 3 0 0 50 1 21 19 19 23 20 31 45 36 38 78 152 347 412 397 227 141 83 43 19 6 5 3 1 3 1 1 0 1 0 0 0 0 0 0 1 21 19 19 23 20 31 45 36 38 78 152 347 412 397 227 141 83 43 19 6 5 3 1 3 1 1 0 1 0 0 0 0 0 0
 2005 1 3 0 0 50 0 4 0 1 5 13 13 23 39 48 63 70 78 81 75 49 31 18 12 6 3 1 1 1 0 0 0 0 0 0 0 0 0 0 0 0 4 0 1 5 13 13 23 39 48 63 70 78 81 75 49 31 18 12 6 3 1 1 1 0 0 0 0 0 0 0 0 0 0 0
 2006 1 3 0 0 50 0 0 0 8 23 41 58 54 61 73 98 116 125 73 42 17 7 4 1 1 1 0 0 0 0 0 0 0 0 0 0 0 0 0 0 0 0 0 8 23 41 58 54 61 73 98 116 125 73 42 17 7 4 1 1 1 0 0 0 0 0 0 0 0 0 0 0 0 0 0
 2007 1 3 0 0 50 2 0 1 0 16 91 171 238 225 215 160 138 90 61 30 15 5 4 1 1 1 1 0 0 0 0 0 0 0 0 0 0 0 0 0 2 0 1 0 16 91 171 238 225 215 160 138 90 61 30 15 5 4 1 1 1 1 0 0 0 0 0 0 0 0 0 0 0 0 0
 2008 1 3 0 0 50 0 0 5 32 158 222 195 253 454 646 624 418 201 95 45 24 10 7 4 2 2 1 1 0 0 0 0 0 0 0 0 0 0 0 0 0 0 5 32 158 222 195 253 454 646 624 418 201 95 45 24 10 7 4 2 2 1 1 0 0 0 0 0 0 0 0 0 0 0 0
 2009 1 3 0 0 50 0 39 45 108 155 206 305 572 908 817 538 284 129 62 30 14 9 4 2 2 1 1 1 0 0 0 0 0 0 0 0 0 0 0 0 0 39 45 108 155 206 305 572 908 817 538 284 129 62 30 14 9 4 2 2 1 1 1 0 0 0 0 0 0 0 0 0 0 0 0
 2010 1 3 0 0 50 2 24 42 139 239 241 391 861 1151 931 536 237 106 44 21 11 7 4 3 2 2 2 1 1 0 0 0 0 0 0 0 0 0 0 0 2 24 42 139 239 241 391 861 1151 931 536 237 106 44 21 11 7 4 3 2 2 2 1 1 0 0 0 0 0 0 0 0 0 0 0
 2011 1 3 0 0 50 0 6 27 92 227 391 603 1119 1526 1181 600 254 92 39 18 8 4 2 2 1 1 0 0 0 0 0 0 0 0 0 0 0 0 0 0 0 6 27 92 227 391 603 1119 1526 1181 600 254 92 39 18 8 4 2 2 1 1 0 0 0 0 0 0 0 0 0 0 0 0 0 0
 2012 1 3 0 0 50 0 2 10 43 134 297 580 992 1150 829 424 194 81 33 16 7 4 2 2 1 1 1 1 1 0 0 0 0 0 0 0 0 0 0 0 0 2 10 43 134 297 580 992 1150 829 424 194 81 33 16 7 4 2 2 1 1 1 1 1 0 0 0 0 0 0 0 0 0 0 0
 2013 1 3 0 0 50 1 4 4 14 43 159 301 555 526 306 139 58 21 10 4 2 1 1 1 1 1 1 0 0 0 0 0 0 0 0 0 0 0 0 0 1 4 4 14 43 159 301 555 526 306 139 58 21 10 4 2 1 1 1 1 1 1 0 0 0 0 0 0 0 0 0 0 0 0 0

12 #_N_age_bins
 2 3 4 5 6 7 8 9 10 11 12 13
1 #_N_ageerror_definitions
 -1 -1 -1 -1 -1 -1 -1 -1 -1 -1 -1 -1 -1 -1 -1 -1 -1 -1 -1 -1 -1
 0.001 0.001 0.001 0.001 0.001 0.001 0.001 0.001 0.001 0.001 0.001 0.001 0.001 0.001 0.001 0.001 0.001 0.001 0.001 0.001 0.001
46 #_N_Agecomp_obs
2 #_Lbin_method: 1=poplenbins; 2=datalenbins; 3=lengths
0 #_combine males into females at or below this bin number
#Yr Seas Flt/Svy Gender Part Ageerr Lbin_lo Lbin_hi Nsamp datavector(female-male)
 1968 1 1 0 0 1 -1 -1 100 1481 4460 5895 4790 2961 1314 530 207 77 8 3 3 1481 4460 5895 4790 2961 1314 530 207 77 8 3 3
 1969 1 1 0 0 1 -1 -1 100 1648 4652 5368 3089 1600 710 323 148 62 11 2 3 1648 4652 5368 3089 1600 710 323 148 62 11 2 3
 1970 1 1 0 0 1 -1 -1 100 1561 4485 5620 3748 1790 671 276 115 44 8 2 2 1561 4485 5620 3748 1790 671 276 115 44 8 2 2
 1971 1 1 0 0 1 -1 -1 100 1198 2653 3845 2927 1425 523 193 74 28 4 1 0 1198 2653 3845 2927 1425 523 193 74 28 4 1 0
 1972 1 1 0 0 1 -1 -1 100 1124 2095 2244 1730 988 384 144 57 23 4 1 2 1124 2095 2244 1730 988 384 144 57 23 4 1 2
 1973 1 1 0 0 1 -1 -1 100 289 660 884 897 865 523 185 63 22 7 5 0 289 660 884 897 865 523 185 63 22 7 5 0
 1974 1 1 0 0 1 -1 -1 100 646 1117 824 1083 1083 797 316 114 32 17 4 2 646 1117 824 1083 1083 797 316 114 32 17 4 2
 1975 1 1 0 0 1 -1 -1 100 601 852 1117 777 841 642 416 176 52 16 7 2 601 852 1117 777 841 642 416 176 52 16 7 2
 1976 1 1 0 0 1 -1 -1 100 478 406 778 777 623 684 416 167 61 34 6 2 478 406 778 777 623 684 416 167 61 34 6 2
 1977 1 1 0 0 1 -1 -1 100 261 815 891 974 1045 855 538 255 96 42 13 5 261 815 891 974 1045 855 538 255 96 42 13 5
 1978 1 1 0 0 1 -1 -1 100 400 548 1110 964 874 865 433 219 62 25 14 1 400 548 1110 964 874 865 433 219 62 25 14 1
 1979 1 1 0 0 1 -1 -1 100 298 1054 966 949 831 752 429 231 111 38 26 16 298 1054 966 949 831 752 429 231 111 38 26 16
 1980 1 1 0 0 1 -1 -1 100 178 331 465 613 794 841 678 487 291 122 54 19 178 331 465 613 794 841 678 487 291 122 54 19
 1981 1 1 0 0 1 -1 -1 100 109 510 585 385 528 579 835 562 263 143 51 43 109 510 585 385 528 579 835 562 263 143 51 43
 1982 1 1 0 0 1 -1 -1 100 352 338 619 514 620 490 309 131 51 23 17 12 352 338 619 514 620 490 309 131 51 23 17 12
 1983 1 1 0 0 1 -1 -1 100 44 293 618 630 530 521 324 216 118 45 24 15 44 293 618 630 530 521 324 216 118 45 24 15
 1984 1 1 0 0 1 -1 -1 100 51 341 721 735 619 608 378 253 137 53 28 18 51 341 721 735 619 608 378 253 137 53 28 18
 1985 1 1 0 0 1 -1 -1 100 112 342 550 763 665 399 319 254 139 50 18 16 112 342 550 763 665 399 319 254 139 50 18 16
 1986 1 1 0 0 1 -1 -1 100 67 290 450 554 561 468 352 327 229 92 25 18 67 290 450 554 561 468 352 327 229 92 25 18
 1987 1 1 0 0 1 -1 -1 100 28 182 517 876 806 490 299 242 132 70 23 20 28 182 517 876 806 490 299 242 132 70 23 20
 1988 1 1 0 0 1 -1 -1 100 36 185 474 928 1028 718 463 403 251 149 52 56 36 185 474 928 1028 718 463 403 251 149 52 56
 1989 1 1 0 0 1 -1 -1 100 12 237 592 1106 771 714 644 404 254 144 107 98 12 237 592 1106 771 714 644 404 254 144 107 98
 1990 1 1 0 0 1 -1 -1 100 99 401 757 1098 1782 1030 584 361 147 98 71 86 99 401 757 1098 1782 1030 584 361 147 98 71 86
 1991 1 1 0 0 1 -1 -1 100 130 805 1417 1397 1273 1181 796 494 288 183 69 96 130 805 1417 1397 1273 1181 796 494 288 183 69 96
 1992 1 1 0 0 1 -1 -1 100 59 323 847 1084 1107 1045 1001 747 399 275 107 81 59 323 847 1084 1107 1045 1001 747 399 275 107 81
 1993 1 1 0 0 1 -1 -1 100 680 1350 1422 1237 767 790 764 554 364 222 129 93 680 1350 1422 1237 767 790 764 554 364 222 129 93
 1994 1 1 0 0 1 -1 -1 100 490 1532 5146 3000 1060 266 164 96 87 43 32 58 490 1532 5146 3000 1060 266 164 96 87 43 32 58
 1995 1 1 0 0 1 -1 -1 100 131 871 4203 4651 776 265 121 60 36 24 25 38 131 871 4203 4651 776 265 121 60 36 24 25 38
 1996 1 1 0 0 1 -1 -1 100 70 654 1760 3064 2083 1237 549 227 116 73 38 88 70 654 1760 3064 2083 1237 549 227 116 73 38 88
 1997 1 1 0 0 1 -1 -1 100 398 1496 2352 3074 2747 1487 413 155 74 25 21 44 398 1496 2352 3074 2747 1487 413 155 74 25 21 44
 1998 1 1 0 0 1 -1 -1 100 408 2531 2413 1663 1738 1645 1014 377 176 51 49 62 408 2531 2413 1663 1738 1645 1014 377 176 51 49 62
 1999 1 1 0 0 1 -1 -1 100 318 440 1180 1772 1633 1514 1663 1021 609 262 115 130 318 440 1180 1772 1633 1514 1663 1021 609 262 115 130
 2000 1 1 0 0 1 -1 -1 100 70 1107 1151 1291 1419 1396 1466 1419 732 292 188 185 70 1107 1151 1291 1419 1396 1466 1419 732 292 188 185
 2001 1 1 0 0 1 -1 -1 100 45 820 3211 1891 1115 1229 1203 1192 902 549 293 454 45 820 3211 1891 1115 1229 1203 1192 902 549 293 454
 2002 1 1 0 0 1 -1 -1 100 10 364 2096 3284 1755 1207 930 959 649 666 407 434 10 364 2096 3284 1755 1207 930 959 649 666 407 434
 2003 1 1 0 0 1 -1 -1 100 74 469 3228 5204 2567 1269 891 721 527 215 190 82 74 469 3228 5204 2567 1269 891 721 527 215 190 82
 2004 1 1 0 0 1 -1 -1 100 1373 2973 2092 2349 1254 754 460 281 211 160 62 39 1373 2973 2092 2349 1254 754 460 281 211 160 62 39
 2005 1 1 0 0 1 -1 -1 100 1714 7818 2787 701 256 155 148 78 60 45 18 27 1714 7818 2787 701 256 155 148 78 60 45 18 27
 2006 1 1 0 0 1 -1 -1 100 1149 3302 4135 1826 687 292 137 59 30 28 33 79 1149 3302 4135 1826 687 292 137 59 30 28 33 79
 2007 1 1 0 0 1 -1 -1 100 836 5479 4401 907 282 124 88 57 35 18 24 30 836 5479 4401 907 282 124 88 57 35 18 24 30
 2008 1 1 0 0 1 -1 -1 100 971 3085 4251 1370 322 93 96 68 34 20 15 84 971 3085 4251 1370 322 93 96 68 34 20 15 84
 2009 1 1 0 0 1 -1 -1 100 924 3417 3516 840 307 62 104 49 59 29 21 35 924 3417 3516 840 307 62 104 49 59 29 21 35
 2010 1 1 0 0 1 -1 -1 100 952 4184 3717 1315 409 118 97 42 26 10 14 33 952 4184 3717 1315 409 118 97 42 26 10 14 33
 2011 1 1 0 0 1 -1 -1 100 1320 2817 2788 971 306 106 76 34 14 13 11 18 1320 2817 2788 971 306 106 76 34 14 13 11 18
 2012 1 1 0 0 1 -1 -1 100 1699 2870 1622 625 303 113 61 30 22 12 8 23 1699 2870 1622 625 303 113 61 30 22 12 8 23
 2013 1 1 0 0 1 -1 -1 100 393 1881 1121 332 160 54 25 19 8 9 3 19 393 1881 1121 332 160 54 25 19 8 9 3 19

0 #_N_MeanSize-at-Age_obs
#Yr Seas Flt/Svy Gender Part Ageerr Ignore datavector(female-male)
#                                          samplesize(female-male)

0 #_N_environ_variables
0 #_N_environ_obs
0 # N sizefreq methods to read 

0 # no tag data 

0 # no morphcomp data 

999

#_expected values with no error added 
1940 #_styr
2013 #_endyr
1 #_nseas
 12 #_months/season
1 #_spawn_seas
3 #_Nfleet
1 #_Nsurveys
1 #_N_areas
FISHERY1%FISHERY2%FISHERY3%BIOSURVEY1
 0.5 0.5 0.5 0.583 #_surveytiming_in_season
 1 1 1 1 #_area_assignments_for_each_fishery_and_survey
 1 1 1 #_units of catch:  1=bio; 2=num
 0.05 0.05 0.05 #_se of log(catch) only used for init_eq_catch and for Fmethod 2 and 3; use -1 for discard only fleets
2 #_Ngenders
20 #_Nages
 0 0 0 #_init_equil_catch_for_each_fishery
74 #_N_lines_of_catch_to_read
#_catch_biomass(mtons):_columns_are_fisheries,year,season
6.65 0.74 0.12 1940 1
7.76 0.86 0.14 1941 1
8.2 0.91 0.15 1942 1
9.97 1.11 0.18 1943 1
7.54 0.84 0.13 1944 1
9.97 1.11 0.18 1945 1
13.65 1.52 0.24 1946 1
19.75 2.19 0.35 1947 1
21.07 2.34 0.37 1948 1
28.23 3.14 0.5 1949 1
29.79 3.31 0.53 1950 1
38.55 4.28 0.69 1951 1
58 6.44 1.03 1952 1
53.12 5.9 0.94 1953 1
50.48 5.61 0.9 1954 1
84.58 9.4 1.5 1955 1
70.38 7.82 1.25 1956 1
73.25 8.14 1.3 1957 1
68.04 7.56 1.21 1958 1
70.04 7.78 1.25 1959 1
71.14 6.65 1.25 1960 1
67.62 6.32 1.19 1961 1
84.19 7.87 1.48 1962 1
91.77 8.58 1.62 1963 1
65.75 6.15 1.16 1964 1
95.4599 8.91999 1.68 1965 1
84.9399 7.93999 1.5 1966 1
72.3799 6.77 1.28 1967 1
123.549 5.77995 1.08999 1968 1
80.9698 4.01999 0.759998 1969 1
83.8803 3.70001 0.700002 1970 1
60.74 4.42 0.83 1971 1
63.7213 2.67004 0.50001 1972 1
42.8901 3.04 0.570001 1973 1
38.0999 4.52999 0.849998 1974 1
27.8899 3.82999 0.719999 1975 1
25.0999 3.81999 0.719999 1976 1
32.5099 3.40999 0.639999 1977 1
29.1299 4.13999 0.879998 1978 1
27.5899 3.84999 0.369999 1979 1
26.2699 4.16999 1.29 1980 1
25.2699 6.27999 1.2 1981 1
18.33 6.96999 1.09 1982 1
18.59 6.07999 0.629999 1983 1
23.58 8.82999 0.809999 1984 1
21.28 6.76 0.649999 1985 1
21.12 7.16 1.44 1986 1
22.58 6.83 1.5 1987 1
40.43 6.87 2.84 1988 1
35.97 7.53 3.38 1989 1
44.05 7.31 1.45 1990 1
53.81 7.85 2.01 1991 1
54.32 6.24 2 1992 1
51.65 7.57 2.6 1993 1
54.62 9.46 2.94 1994 1
58.83 11.61 4.96 1995 1
64.72 18.17 2.01 1996 1
69.03 9.79 1.37 1997 1
68.53 9.19 1.47 1998 1
81.19 18.32 4.26 1999 1
84.84 21.02 4.24 2000 1
88.98 24.52 7.57 2001 1
89.2199 16.87 9.90999 2002 1
89.5894 11.5399 14.1299 2003 1
57.3397 3.33998 12.5699 2004 1
42.8599 1.04 3.47999 2005 1
43.6899 1.17 3.07999 2006 1
37.4799 1.27 4.88999 2007 1
35.1099 1.51 11.25 2008 1
33.5199 0.659999 12.93 2009 1
33.8 0.14 15.22 2010 1
32.87 0.21 16.64 2011 1
28.3 0.21 16.64 2012 1
25.4 0.2 14.2 2013 1
#
56 #_N_cpue_and_surveyabundance_observations
#_Units:  0=numbers; 1=biomass; 2=F
#_Errtype:  -1=normal; 0=lognormal; >0=T
#_Fleet Units Errtype
1 1 0
2 1 0
3 1 0
4 1 0
#_year seas index obs err
1983 1 1 0.69088 0.2 #_orig_obs: 0.64 FISHERY1
1984 1 1 0.803636 0.2 #_orig_obs: 0.85 FISHERY1
1985 1 1 0.956128 0.2 #_orig_obs: 0.78 FISHERY1
1986 1 1 1.18365 0.2 #_orig_obs: 0.97 FISHERY1
1987 1 1 1.44282 0.2 #_orig_obs: 1.27 FISHERY1
1988 1 1 1.61494 0.2 #_orig_obs: 1.29 FISHERY1
1989 1 1 1.67449 0.2 #_orig_obs: 1.45 FISHERY1
1990 1 1 1.68551 0.2 #_orig_obs: 1.34 FISHERY1
1991 1 1 1.65651 0.2 #_orig_obs: 1.24 FISHERY1
1992 1 1 1.70826 0.2 #_orig_obs: 1.89 FISHERY1
1993 1 1 2.02421 0.2 #_orig_obs: 1.4 FISHERY1
1994 1 1 2.72554 0.2 #_orig_obs: 2.27 FISHERY1
1995 1 1 3.72639 0.2 #_orig_obs: 3.26 FISHERY1
1996 1 1 4.63185 0.2 #_orig_obs: 2.58 FISHERY1
1997 1 1 5.10193 0.2 #_orig_obs: 3.1 FISHERY1
1998 1 1 5.18343 0.2 #_orig_obs: 2.88 FISHERY1
1999 1 1 4.89179 0.2 #_orig_obs: 3.4 FISHERY1
2000 1 1 4.29428 0.2 #_orig_obs: 4.08 FISHERY1
2001 1 1 3.50038 0.2 #_orig_obs: 3.24 FISHERY1
2002 1 1 2.63224 0.2 #_orig_obs: 4.51 FISHERY1
2003 1 1 1.77755 0.2 #_orig_obs: 3 FISHERY1
2004 1 1 1.14818 0.2 #_orig_obs: 0.97 FISHERY1
2005 1 1 0.815341 0.2 #_orig_obs: 1.05 FISHERY1
2006 1 1 0.657212 0.2 #_orig_obs: 1.15 FISHERY1
2007 1 1 0.631552 0.2 #_orig_obs: 1.07 FISHERY1
2008 1 1 0.676531 0.2 #_orig_obs: 1.57 FISHERY1
2009 1 1 0.776296 0.2 #_orig_obs: 1.74 FISHERY1
2010 1 1 0.984049 0.2 #_orig_obs: 1.66 FISHERY1
2011 1 1 1.33319 0.2 #_orig_obs: 1.24 FISHERY1
2012 1 1 2.00296 0.2 #_orig_obs: 1.73 FISHERY1
1999 1 2 2.86096 0.3 #_orig_obs: 1.82 FISHERY2
2000 1 2 2.47239 0.3 #_orig_obs: 2.88 FISHERY2
2001 1 2 2.00355 0.3 #_orig_obs: 1.73 FISHERY2
2002 1 2 1.51537 0.3 #_orig_obs: 1.44 FISHERY2
2003 1 2 1.04621 0.3 #_orig_obs: 0.98 FISHERY2
2004 1 2 0.708456 0.3 #_orig_obs: 1.15 FISHERY2
2005 1 2 0.56593 0.3 #_orig_obs: 0.63 FISHERY2
2006 1 2 0.564988 0.3 #_orig_obs: 0.47 FISHERY2
2007 1 2 0.563073 0.3 #_orig_obs: 0.61 FISHERY2
2008 1 2 0.61647 0.3 #_orig_obs: 0.73 FISHERY2
2009 1 2 0.779804 0.3 #_orig_obs: 0.71 FISHERY2
1995 1 4 447.041 0.2 #_orig_obs: 505.76 BIOSURVEY1
1997 1 4 561.894 0.2 #_orig_obs: 713.59 BIOSURVEY1
1999 1 4 698.639 0.2 #_orig_obs: 901.11 BIOSURVEY1
2000 1 4 747.553 0.2 #_orig_obs: 891.6 BIOSURVEY1
2001 1 4 728.482 0.2 #_orig_obs: 918.05 BIOSURVEY1
2004 1 4 295.49 0.2 #_orig_obs: 272.08 BIOSURVEY1
2005 1 4 259.169 0.2 #_orig_obs: 223.72 BIOSURVEY1
2006 1 4 267.794 0.2 #_orig_obs: 266.6 BIOSURVEY1
2007 1 4 305.963 0.2 #_orig_obs: 278.7 BIOSURVEY1
2008 1 4 355.333 0.2 #_orig_obs: 313.78 BIOSURVEY1
2009 1 4 361.893 0.2 #_orig_obs: 322.73 BIOSURVEY1
2010 1 4 304.443 0.2 #_orig_obs: 284.57 BIOSURVEY1
2011 1 4 284.636 0.2 #_orig_obs: 290.33 BIOSURVEY1
2012 1 4 290.33 0.2 #_orig_obs: 272.82 BIOSURVEY1
2013 1 4 318.694 0.2 #_orig_obs: 224.99 BIOSURVEY1

0 #_N_fleets_with_discard
#_discard_units (1=same_as_catchunits(bio/num); 2=fraction; 3=numbers)
#_discard_errtype:  >0 for DF of T-dist(read CV below); 0 for normal with CV; -1 for normal with se; -2 for lognormal
#Fleet Disc_units err_type
0 #N discard obs
#_year seas index obs err
#
0 #_N_meanbodywt_obs
30 #_DF_for_meanbodywt_T-distribution_like

2 # length bin method: 1=use databins; 2=generate from binwidth,min,max below; 3=read vector
2 # binwidth for population size comp 
2 # minimum size in the population (lower edge of first bin and size at age 0.00) 
86 # maximum size in the population (lower edge of last bin) 

-1 #_comp_tail_compression
1e-07 #_add_to_comp
0 #_combine males into females at or below this bin number
35 #_N_LengthBins
 18 20 22 24 26 28 30 32 34 36 38 40 42 44 46 48 50 52 54 56 58 60 62 64 66 68 70 72 74 76 78 80 82 84 86
29 #_N_Length_obs
#Yr Seas Flt/Svy Gender Part Nsamp datavector(female-male)
 1998 1 2 0 0 50  0.00361089 0.0309043 0.148053 0.388825 0.694668 1.30031 2.04448 2.51605 3.54408 5.18278 6.90055 7.76093 7.10401 5.30497 3.33624 1.85462 0.953805 0.467751 0.223684 0.107827 0.0549516 0.030638 0.0185094 0.0115998 0.00719879 0.00427778 0.00238571 0.00123641 0.000593879 0.000265184 0.000111226 4.5029e-05 1.8872e-05 9.39389e-06 6.68236e-06 0 0 0 0 0 0 0 0 0 0 0 0 0 0 0 0 0 0 0 0 0 0 0 0 0 0 0 0 0 0 0 0 0 0 0
 1999 1 2 0 0 50  0.0017425 0.0149804 0.0727986 0.198635 0.384735 0.778545 1.36624 1.97834 2.86387 4.12011 5.81701 7.34102 7.72112 6.63264 4.70484 2.8526 1.55179 0.793707 0.394583 0.195075 0.0980737 0.0512777 0.0282563 0.0163245 0.00965337 0.00565535 0.00318674 0.00169176 0.00083631 0.000383352 0.00016345 6.58814e-05 2.63816e-05 1.18282e-05 7.62754e-06 0 0 0 0 0 0 0 0 0 0 0 0 0 0 0 0 0 0 0 0 0 0 0 0 0 0 0 0 0 0 0 0 0 0 0
 2000 1 2 0 0 50  0.00183402 0.0156734 0.0750361 0.196829 0.351277 0.660301 1.05596 1.37168 2.09625 3.32515 4.95349 6.65756 7.68188 7.33502 5.75068 3.77967 2.18138 1.17672 0.625253 0.333273 0.176938 0.0930129 0.0487712 0.0259044 0.0140761 0.00777278 0.0042663 0.00226639 0.00114007 0.000535566 0.000233641 9.5199e-05 3.73818e-05 1.55178e-05 9.10772e-06 0 0 0 0 0 0 0 0 0 0 0 0 0 0 0 0 0 0 0 0 0 0 0 0 0 0 0 0 0 0 0 0 0 0 0
 2001 1 2 0 0 50  0.00199271 0.0170294 0.0814905 0.213365 0.378053 0.698094 1.06431 1.21559 1.63085 2.55019 4.07201 5.92366 7.36483 7.60844 6.45631 4.53674 2.73496 1.51462 0.837244 0.481673 0.281327 0.159675 0.0863529 0.0448338 0.022844 0.0116628 0.00600124 0.00307279 0.00152968 0.000723705 0.000320276 0.000131944 5.14443e-05 2.03189e-05 1.10637e-05 0 0 0 0 0 0 0 0 0 0 0 0 0 0 0 0 0 0 0 0 0 0 0 0 0 0 0 0 0 0 0 0 0 0 0
 2002 1 2 0 0 50  0.00334228 0.0285354 0.135932 0.351365 0.603892 1.07489 1.52345 1.42471 1.53349 2.11606 3.28325 4.98988 6.64273 7.36639 6.68853 4.98201 3.1169 1.73847 0.957072 0.568701 0.361379 0.227686 0.134624 0.0736237 0.0376769 0.0184866 0.00892096 0.00429481 0.00205413 0.000957792 0.000425687 0.000177513 6.95936e-05 2.68118e-05 1.38711e-05 0 0 0 0 0 0 0 0 0 0 0 0 0 0 0 0 0 0 0 0 0 0 0 0 0 0 0 0 0 0 0 0 0 0 0
 2003 1 2 0 0 50  0.00589387 0.0503389 0.239686 0.618586 1.05846 1.86924 2.59155 2.21204 1.92741 2.06178 2.72754 4.02234 5.52914 6.47096 6.22974 4.8978 3.18461 1.78907 0.957507 0.557462 0.369125 0.255048 0.167592 0.100588 0.0549019 0.0276224 0.01311 0.00602181 0.00272547 0.0012171 0.000528455 0.000218776 8.56363e-05 3.25828e-05 1.64334e-05 0 0 0 0 0 0 0 0 0 0 0 0 0 0 0 0 0 0 0 0 0 0 0 0 0 0 0 0 0 0 0 0 0 0 0
 2004 1 2 0 0 50  0.00975 0.0832922 0.396604 1.02358 1.75128 3.0906 4.2703 3.56868 2.85025 2.47529 2.4919 3.13595 4.16528 4.98966 5.01092 4.12244 2.78397 1.58754 0.827125 0.456371 0.299101 0.219327 0.158496 0.105243 0.062914 0.0339285 0.0167237 0.00768774 0.0033716 0.00143533 0.000595448 0.000238619 9.16538e-05 3.44753e-05 1.72516e-05 0 0 0 0 0 0 0 0 0 0 0 0 0 0 0 0 0 0 0 0 0 0 0 0 0 0 0 0 0 0 0 0 0 0 0
 2005 1 2 0 0 50  0.0176826 0.150944 0.717 1.8379 3.09335 5.35485 7.12923 5.29752 3.62222 2.78709 2.26694 2.23147 2.58264 2.99481 3.05593 2.5957 1.81056 1.05181 0.539025 0.279574 0.174059 0.130286 0.101283 0.073723 0.0483976 0.0284357 0.0150152 0.00720364 0.00318967 0.00132666 0.000525967 0.000200469 7.41609e-05 2.76981e-05 1.41615e-05 0 0 0 0 0 0 0 0 0 0 0 0 0 0 0 0 0 0 0 0 0 0 0 0 0 0 0 0 0 0 0 0 0 0 0
 2006 1 2 0 0 50  0.0236997 0.202361 0.961381 2.46517 4.15163 7.18648 9.54922 6.99477 4.48322 3.0003 1.96456 1.4972 1.39003 1.43861 1.42528 1.22219 0.87149 0.515322 0.262149 0.128534 0.0740653 0.0545058 0.0444615 0.0349366 0.0249762 0.0159829 0.00913529 0.00468241 0.00217023 0.000920376 0.000362358 0.000134867 4.90038e-05 1.88236e-05 1.03268e-05 0 0 0 0 0 0 0 0 0 0 0 0 0 0 0 0 0 0 0 0 0 0 0 0 0 0 0 0 0 0 0 0 0 0 0
 2007 1 2 0 0 50  0.0167609 0.143554 0.687534 1.80277 3.19806 5.86421 8.63107 8.34912 7.02642 4.83461 2.81645 1.68971 1.16668 0.971005 0.870107 0.725398 0.519167 0.310612 0.15778 0.0740185 0.0389907 0.0271984 0.022667 0.0189136 0.0145539 0.0100689 0.00622003 0.00342939 0.001693 0.000753215 0.000305171 0.000114689 4.1668e-05 1.62214e-05 9.15099e-06 0 0 0 0 0 0 0 0 0 0 0 0 0 0 0 0 0 0 0 0 0 0 0 0 0 0 0 0 0 0 0 0 0 0 0
 2008 1 2 0 0 50  0.0203564 0.173893 0.827383 2.13093 3.62984 6.3854 8.80314 7.38376 6.09723 5.11404 3.62376 2.18012 1.22782 0.765564 0.554848 0.418771 0.290504 0.173412 0.0880927 0.0401421 0.0193812 0.0123671 0.0101738 0.0088396 0.00722832 0.00535538 0.00355344 0.00210412 0.00111199 0.00052617 0.000224639 8.81244e-05 3.33309e-05 1.37093e-05 8.18303e-06 0 0 0 0 0 0 0 0 0 0 0 0 0 0 0 0 0 0 0 0 0 0 0 0 0 0 0 0 0 0 0 0 0 0 0
 2009 1 2 0 0 50  0.0236108 0.201665 0.958844 2.46425 4.17348 7.27638 9.81843 7.6111 5.44801 4.12617 2.96703 2.01916 1.22815 0.691711 0.400008 0.249211 0.156275 0.0898543 0.0452319 0.0202998 0.00915801 0.00520382 0.00401663 0.00351947 0.00300552 0.00235889 0.00166919 0.00105766 0.000598929 0.000303631 0.000138833 5.84966e-05 2.40864e-05 1.10796e-05 7.28812e-06 0 0 0 0 0 0 0 0 0 0 0 0 0 0 0 0 0 0 0 0 0 0 0 0 0 0 0 0 0 0 0 0 0 0 0
 2010 1 2 0 0 50  0.0165529 0.141754 0.678862 1.77978 3.15684 5.79162 8.54469 8.35448 7.26094 5.36294 3.49216 2.24687 1.39145 0.810277 0.44872 0.245811 0.135054 0.0714994 0.0347457 0.0153738 0.00664438 0.00334304 0.00226319 0.00188235 0.00162479 0.00132905 0.000994541 0.000671565 0.00040706 0.000221422 0.000108754 4.92366e-05 2.17527e-05 1.06277e-05 7.24236e-06 0 0 0 0 0 0 0 0 0 0 0 0 0 0 0 0 0 0 0 0 0 0 0 0 0 0 0 0 0 0 0 0 0 0 0
 2011 1 2 0 0 50  0.0239408 0.204328 0.97004 2.48281 4.16548 7.1951 9.57329 7.19513 5.31039 4.49312 3.37551 2.1927 1.28885 0.723177 0.391397 0.205846 0.106594 0.053769 0.0255956 0.0113156 0.00480549 0.00217948 0.00121843 0.000869985 0.000709372 0.00058547 0.000457315 0.000327857 0.000212923 0.000124835 6.64921e-05 3.29889e-05 1.62658e-05 8.99964e-06 6.69621e-06 0 0 0 0 0 0 0 0 0 0 0 0 0 0 0 0 0 0 0 0 0 0 0 0 0 0 0 0 0 0 0 0 0 0 0
 2012 1 2 0 0 50  0.0262993 0.224568 1.06683 2.73509 4.6043 7.96635 10.5784 7.74505 5.0227 3.51884 2.44021 1.70871 1.09381 0.622689 0.326114 0.163432 0.0806379 0.0396545 0.0191989 0.00893249 0.00397125 0.00174752 0.000826382 0.000463675 0.000317645 0.000245823 0.000193884 0.000145655 0.000100859 6.36821e-05 3.69382e-05 2.03574e-05 1.14966e-05 7.41048e-06 6.07424e-06 0 0 0 0 0 0 0 0 0 0 0 0 0 0 0 0 0 0 0 0 0 0 0 0 0 0 0 0 0 0 0 0 0 0 0
 2013 1 2 0 0 50  0.00960727 0.0828333 0.403311 1.10455 2.14705 4.30126 7.22045 8.96497 8.94499 6.59496 4.11533 2.56614 1.59135 0.942295 0.514328 0.259035 0.124211 0.0588453 0.028202 0.013637 0.00651445 0.00302734 0.00138427 0.000656452 0.000351662 0.000223354 0.000159577 0.000116353 8.08146e-05 5.19115e-05 3.08815e-05 1.76092e-05 1.03957e-05 7.02151e-06 5.91014e-06 0 0 0 0 0 0 0 0 0 0 0 0 0 0 0 0 0 0 0 0 0 0 0 0 0 0 0 0 0 0 0 0 0 0 0
 2001 1 3 0 0 50  0.00581393 0.00622698 0.0126302 0.0286811 0.0711125 0.177245 0.402387 0.815793 1.49607 2.59178 4.26488 6.23799 7.76157 8.01934 6.80517 4.7819 2.88276 1.59647 0.882491 0.507703 0.296531 0.168304 0.0910194 0.0472565 0.0240783 0.0122929 0.00632529 0.00323859 0.00161208 0.000762546 0.000337314 0.000138805 5.39543e-05 2.11468e-05 1.13914e-05 0 0 0 0 0 0 0 0 0 0 0 0 0 0 0 0 0 0 0 0 0 0 0 0 0 0 0 0 0 0 0 0 0 0 0
 2002 1 3 0 0 50  0.0102818 0.0109057 0.0211562 0.0438231 0.0979875 0.226896 0.47162 0.850009 1.38887 2.18845 3.53409 5.4105 7.20952 7.99601 7.26036 5.40796 3.3834 1.88711 1.0389 0.617325 0.392277 0.247153 0.146134 0.0799181 0.0408979 0.0200668 0.00968328 0.00466159 0.00222933 0.00103926 0.000461656 0.000192263 7.51164e-05 2.86767e-05 1.46296e-05 0 0 0 0 0 0 0 0 0 0 0 0 0 0 0 0 0 0 0 0 0 0 0 0 0 0 0 0 0 0 0 0 0 0 0
 2003 1 3 0 0 50  0.0203347 0.0202771 0.0394665 0.0812116 0.177952 0.40067 0.78885 1.27421 1.74015 2.20288 3.11374 4.65428 6.40776 7.5006 7.22119 5.6773 3.69145 2.07381 1.1099 0.646183 0.427872 0.295639 0.194264 0.116596 0.0636389 0.0320179 0.0151957 0.00697941 0.00315844 0.00141001 0.000611765 0.000252799 9.84698e-05 3.69727e-05 1.82531e-05 0 0 0 0 0 0 0 0 0 0 0 0 0 0 0 0 0 0 0 0 0 0 0 0 0 0 0 0 0 0 0 0 0 0 0
 2004 1 3 0 0 50  0.0542944 0.0502983 0.0835244 0.150931 0.328145 0.736019 1.432 2.23221 2.77296 2.85608 3.13467 4.04002 5.38301 6.45073 6.4785 5.32985 3.59936 2.05251 1.06938 0.590035 0.386703 0.283564 0.204916 0.136066 0.0813392 0.0438643 0.0216204 0.00993792 0.00435764 0.00185425 0.000768382 0.000307043 0.000117034 4.31083e-05 2.084e-05 0 0 0 0 0 0 0 0 0 0 0 0 0 0 0 0 0 0 0 0 0 0 0 0 0 0 0 0 0 0 0 0 0 0 0
 2005 1 3 0 0 50  0.107352 0.112425 0.186285 0.323692 0.655359 1.39324 2.54876 3.66942 4.30498 4.0176 3.58456 3.6433 4.23989 4.92011 5.021 4.26488 2.97485 1.72818 0.885648 0.459354 0.285986 0.214064 0.166412 0.121128 0.079517 0.0467183 0.0246677 0.0118328 0.00523761 0.00217658 0.000860981 0.000326168 0.000118636 4.22944e-05 2.00529e-05 0 0 0 0 0 0 0 0 0 0 0 0 0 0 0 0 0 0 0 0 0 0 0 0 0 0 0 0 0 0 0 0 0 0 0
 2006 1 3 0 0 50  0.0852585 0.103167 0.246827 0.554589 1.13985 2.4154 4.36558 6.07776 6.62082 5.38163 3.92961 3.13943 2.94275 3.04979 3.02211 2.59156 1.84793 1.0927 0.555865 0.272542 0.157045 0.11557 0.0942721 0.0740751 0.0529547 0.033885 0.0193652 0.00992314 0.00459623 0.00194599 0.000762754 0.000280373 9.83071e-05 3.43121e-05 1.62951e-05 0 0 0 0 0 0 0 0 0 0 0 0 0 0 0 0 0 0 0 0 0 0 0 0 0 0 0 0 0 0 0 0 0 0 0
 2007 1 3 0 0 50  0.095504 0.0964449 0.186498 0.411413 1.01364 2.43508 5.0079 8.05483 9.18172 7.19766 4.64755 2.93945 2.05761 1.71712 1.53939 1.28345 0.918574 0.549572 0.279162 0.13096 0.0689838 0.0481192 0.0401017 0.0334606 0.0257469 0.0178114 0.0110015 0.00606389 0.00299163 0.00132884 0.000536104 0.000199077 6.9878e-05 2.48544e-05 1.23445e-05 0 0 0 0 0 0 0 0 0 0 0 0 0 0 0 0 0 0 0 0 0 0 0 0 0 0 0 0 0 0 0 0 0 0 0
 2008 1 3 0 0 50  0.124686 0.133649 0.236239 0.446688 0.959553 2.15131 4.24162 6.83414 8.8608 8.62638 6.53886 4.04155 2.29594 1.43588 1.04152 0.786201 0.545404 0.32557 0.165386 0.0753609 0.0363832 0.0232144 0.0190966 0.0165916 0.0135665 0.0100502 0.00666707 0.00394602 0.00208334 0.000983479 0.000417365 0.000161063 5.81903e-05 2.13514e-05 1.0976e-05 0 0 0 0 0 0 0 0 0 0 0 0 0 0 0 0 0 0 0 0 0 0 0 0 0 0 0 0 0 0 0 0 0 0 0
 2009 1 3 0 0 50  0.0956765 0.106291 0.253081 0.574675 1.21232 2.63073 4.92029 7.26503 8.53912 7.74526 6.10238 4.29879 2.63538 1.48705 0.860414 0.536129 0.336206 0.19331 0.0973079 0.0436681 0.0196972 0.0111899 0.00863579 0.00756617 0.00646043 0.00506925 0.00358541 0.00226972 0.0012828 0.000647487 0.000292934 0.000120095 4.60633e-05 1.80798e-05 9.92277e-06 0 0 0 0 0 0 0 0 0 0 0 0 0 0 0 0 0 0 0 0 0 0 0 0 0 0 0 0 0 0 0 0 0 0 0
 2010 1 3 0 0 50  0.14565 0.130203 0.211775 0.403649 0.987699 2.37976 4.9297 8.05968 9.52643 8.04704 5.7696 3.87411 2.42394 1.41474 0.78391 0.429487 0.235975 0.124928 0.0607082 0.0268593 0.0116061 0.00583763 0.00395078 0.00328533 0.0028353 0.00231855 0.00173405 0.0011697 0.000707528 0.000383159 0.000186292 8.22956e-05 3.42723e-05 1.48333e-05 8.91814e-06 0 0 0 0 0 0 0 0 0 0 0 0 0 0 0 0 0 0 0 0 0 0 0 0 0 0 0 0 0 0 0 0 0 0 0
 2011 1 3 0 0 50  0.191242 0.206576 0.331175 0.552732 1.10245 2.34327 4.35562 6.58513 8.47704 8.5329 6.84923 4.56003 2.70002 1.51856 0.822449 0.432619 0.224032 0.113006 0.0537915 0.0237778 0.0100947 0.00457536 0.0025554 0.00182304 0.00148546 0.00122504 0.000955682 0.000683585 0.000442016 0.00025687 0.000134245 6.38274e-05 2.86786e-05 1.34065e-05 8.56513e-06 0 0 0 0 0 0 0 0 0 0 0 0 0 0 0 0 0 0 0 0 0 0 0 0 0 0 0 0 0 0 0 0 0 0 0
 2012 1 3 0 0 50  0.0505996 0.0893612 0.278184 0.697802 1.43818 3.04331 5.49725 7.6802 8.52569 7.28768 5.61031 4.09105 2.64101 1.506 0.789067 0.395489 0.19514 0.0959598 0.046456 0.0216103 0.0096037 0.00422205 0.00199282 0.00111504 0.00076163 0.000587814 0.000462116 0.000345399 0.000236988 0.000147016 8.22935e-05 4.21663e-05 2.07224e-05 1.08336e-05 7.59979e-06 0 0 0 0 0 0 0 0 0 0 0 0 0 0 0 0 0 0 0 0 0 0 0 0 0 0 0 0 0 0 0 0 0 0 0
 2013 1 3 0 0 50  0.0145062 0.0242237 0.0825501 0.277029 0.828591 2.18702 4.88012 8.50563 10.142 8.33629 5.7345 3.74575 2.34971 1.39481 0.76177 0.383707 0.183998 0.087169 0.0417752 0.0201991 0.00964793 0.00448222 0.00204822 0.000970045 0.000518537 0.000328464 0.000233987 0.000169955 0.00011731 7.44935e-05 4.33402e-05 2.36789e-05 1.29931e-05 7.99463e-06 6.34826e-06 0 0 0 0 0 0 0 0 0 0 0 0 0 0 0 0 0 0 0 0 0 0 0 0 0 0 0 0 0 0 0 0 0 0 0

12 #_N_age_bins
 2 3 4 5 6 7 8 9 10 11 12 13
1 #_N_ageerror_definitions
 -1 -1 -1 -1 -1 -1 -1 -1 -1 -1 -1 -1 -1 -1 -1 -1 -1 -1 -1 -1 -1
 0.001 0.001 0.001 0.001 0.001 0.001 0.001 0.001 0.001 0.001 0.001 0.001 0.001 0.001 0.001 0.001 0.001 0.001 0.001 0.001 0.001
46 #_N_Agecomp_obs
2 #_Lbin_method: 1=poplenbins; 2=datalenbins; 3=lengths
0 #_combine males into females at or below this bin number
#Yr Seas Flt/Svy Gender Part Ageerr Lbin_lo Lbin_hi Nsamp datavector(female-male)
 1968 1 1 0 0 1 -1 -1 1  0.122898 0.188039 0.199044 0.139787 0.0891814 0.0592332 0.0412876 0.0329701 0.0242264 0.0180695 0.0137151 0.0715488 0 0 0 0 0 0 0 0 0 0 0 0
 1969 1 1 0 0 1 -1 -1 1  0.14405 0.22725 0.21842 0.138029 0.0800748 0.0487799 0.0321884 0.0224906 0.0180304 0.0132988 0.00995175 0.047436 0 0 0 0 0 0 0 0 0 0 0 0
 1970 1 1 0 0 1 -1 -1 1  0.15431 0.252432 0.242854 0.139436 0.0729937 0.0404736 0.0245014 0.0162077 0.0113693 0.00914908 0.0067704 0.0295022 0 0 0 0 0 0 0 0 0 0 0 0
 1971 1 1 0 0 1 -1 -1 1  0.161074 0.264351 0.260571 0.146218 0.0686941 0.0342477 0.0188544 0.0114398 0.00759694 0.00534915 0.00431876 0.0172838 0 0 0 0 0 0 0 0 0 0 0 0
 1972 1 1 0 0 1 -1 -1 1  0.166196 0.272991 0.263175 0.151484 0.0697802 0.0312557 0.0154759 0.00853987 0.00520179 0.00346747 0.00244957 0.00998241 0 0 0 0 0 0 0 0 0 0 0 0
 1973 1 1 0 0 1 -1 -1 1  0.174644 0.273191 0.269128 0.149236 0.0698224 0.0305726 0.0135902 0.00674358 0.00373566 0.00228405 0.00152756 0.00552532 0 0 0 0 0 0 0 0 0 0 0 0
 1974 1 1 0 0 1 -1 -1 1  0.170198 0.274159 0.26619 0.156448 0.071683 0.0320276 0.013933 0.00620851 0.00309287 0.00171982 0.00105501 0.00328567 0 0 0 0 0 0 0 0 0 0 0 0
 1975 1 1 0 0 1 -1 -1 1  0.159469 0.263689 0.272602 0.161245 0.0788905 0.0345865 0.0153602 0.00669906 0.00299693 0.00149864 0.000836104 0.00212753 0 0 0 0 0 0 0 0 0 0 0 0
 1976 1 1 0 0 1 -1 -1 1  0.14691 0.24214 0.270467 0.176753 0.0884243 0.0415789 0.0181384 0.00807784 0.00353716 0.00158844 0.00079696 0.00158812 0 0 0 0 0 0 0 0 0 0 0 0
 1977 1 1 0 0 1 -1 -1 1  0.138271 0.233196 0.25588 0.181832 0.100926 0.0485883 0.0227413 0.00994899 0.00444861 0.00195541 0.00088104 0.00133223 0 0 0 0 0 0 0 0 0 0 0 0
 1978 1 1 0 0 1 -1 -1 1  0.144983 0.220372 0.25186 0.173704 0.104179 0.0555435 0.0266041 0.012486 0.00548436 0.00246161 0.00108561 0.00123654 0 0 0 0 0 0 0 0 0 0 0 0
 1979 1 1 0 0 1 -1 -1 1  0.147017 0.228538 0.236514 0.171597 0.10032 0.0578633 0.0307024 0.0147471 0.00694908 0.00306394 0.00137979 0.0013089 0 0 0 0 0 0 0 0 0 0 0 0
 1980 1 1 0 0 1 -1 -1 1  0.150348 0.223774 0.24379 0.161559 0.099674 0.0560891 0.0322031 0.0171359 0.00826403 0.00390897 0.00172922 0.00152513 0 0 0 0 0 0 0 0 0 0 0 0
 1981 1 1 0 0 1 -1 -1 1  0.142449 0.233346 0.238078 0.167246 0.0945695 0.0562131 0.0314947 0.0181352 0.00968913 0.00469051 0.00222601 0.00186208 0 0 0 0 0 0 0 0 0 0 0 0
 1982 1 1 0 0 1 -1 -1 1  0.147672 0.207241 0.25022 0.167093 0.100676 0.0549218 0.0325143 0.0182714 0.0105637 0.00566541 0.00275171 0.00240934 0 0 0 0 0 0 0 0 0 0 0 0
 1983 1 1 0 0 1 -1 -1 1  0.139183 0.218322 0.222186 0.179517 0.10382 0.0605145 0.032901 0.019539 0.0110249 0.00639844 0.0034429 0.00315081 0 0 0 0 0 0 0 0 0 0 0 0
 1984 1 1 0 0 1 -1 -1 1  0.158421 0.189297 0.23409 0.160115 0.112251 0.0628374 0.0365075 0.0199117 0.0118735 0.00672524 0.003916 0.0040542 0 0 0 0 0 0 0 0 0 0 0 0
 1985 1 1 0 0 1 -1 -1 1  0.149264 0.224843 0.202157 0.168177 0.0997898 0.067709 0.0377787 0.0220183 0.0120583 0.00721796 0.00410183 0.00488432 0 0 0 0 0 0 0 0 0 0 0 0
 1986 1 1 0 0 1 -1 -1 1  0.120105 0.217674 0.244466 0.149533 0.108418 0.0623421 0.0421745 0.0236077 0.0138158 0.00759516 0.00456141 0.00570701 0 0 0 0 0 0 0 0 0 0 0 0
 1987 1 1 0 0 1 -1 -1 1  0.0777809 0.19718 0.250413 0.19249 0.102901 0.0723576 0.0414909 0.0281607 0.0158284 0.0092986 0.00512878 0.00696935 0 0 0 0 0 0 0 0 0 0 0 0
 1988 1 1 0 0 1 -1 -1 1  0.0669223 0.133728 0.243819 0.211413 0.141992 0.0736155 0.0516208 0.0296972 0.0202393 0.0114195 0.00673073 0.00880321 0 0 0 0 0 0 0 0 0 0 0 0
 1989 1 1 0 0 1 -1 -1 1  0.070485 0.119243 0.175052 0.215742 0.162681 0.105822 0.0546929 0.0384747 0.0222253 0.015205 0.00860736 0.0117706 0 0 0 0 0 0 0 0 0 0 0 0
 1990 1 1 0 0 1 -1 -1 1  0.0862958 0.122905 0.155918 0.154948 0.166275 0.12148 0.0787831 0.0408494 0.0288546 0.0167319 0.0114846 0.0154743 0 0 0 0 0 0 0 0 0 0 0 0
 1991 1 1 0 0 1 -1 -1 1  0.131386 0.134819 0.153142 0.130464 0.112491 0.116845 0.0850893 0.0553578 0.0288211 0.020436 0.0118893 0.0192594 0 0 0 0 0 0 0 0 0 0 0 0
 1992 1 1 0 0 1 -1 -1 1  0.195271 0.177783 0.150042 0.113589 0.0836717 0.0697645 0.0722121 0.0527504 0.0344591 0.018009 0.0128117 0.0196367 0 0 0 0 0 0 0 0 0 0 0 0
 1993 1 1 0 0 1 -1 -1 1  0.232037 0.232267 0.173708 0.0981301 0.064323 0.0458336 0.0380855 0.0395453 0.0290059 0.0190204 0.00997329 0.0180708 0 0 0 0 0 0 0 0 0 0 0 0
 1994 1 1 0 0 1 -1 -1 1  0.187448 0.280118 0.221484 0.112045 0.0550433 0.0349435 0.0248216 0.0206916 0.021573 0.0158839 0.0104502 0.0154979 0 0 0 0 0 0 0 0 0 0 0 0
 1995 1 1 0 0 1 -1 -1 1  0.0626127 0.299626 0.291213 0.157187 0.0694093 0.0330579 0.0209262 0.0149131 0.012483 0.0130645 0.00965105 0.0158561 0 0 0 0 0 0 0 0 0 0 0 0
 1996 1 1 0 0 1 -1 -1 1  0.0325998 0.111523 0.36378 0.242817 0.114707 0.0491427 0.0233425 0.014825 0.0106087 0.00891402 0.0093601 0.0183801 0 0 0 0 0 0 0 0 0 0 0 0
 1997 1 1 0 0 1 -1 -1 1  0.0203063 0.0664817 0.155446 0.349349 0.204312 0.0936709 0.0400257 0.0190751 0.0121648 0.00873844 0.00736679 0.0230628 0 0 0 0 0 0 0 0 0 0 0 0
 1998 1 1 0 0 1 -1 -1 1  0.0165962 0.0423209 0.100142 0.161459 0.31803 0.180526 0.0825511 0.0353913 0.0169363 0.0108422 0.0078141 0.0273905 0 0 0 0 0 0 0 0 0 0 0 0
 1999 1 1 0 0 1 -1 -1 1  0.00837939 0.0398742 0.0663736 0.10813 0.152743 0.291991 0.165312 0.0758448 0.0326508 0.0156846 0.0100741 0.0329428 0 0 0 0 0 0 0 0 0 0 0 0
 2000 1 1 0 0 1 -1 -1 1  0.00865973 0.0188812 0.0645009 0.0734471 0.104579 0.143277 0.273136 0.155145 0.0714741 0.0308869 0.0148863 0.0411274 0 0 0 0 0 0 0 0 0 0 0 0
 2001 1 1 0 0 1 -1 -1 1  0.0102315 0.0201971 0.0312193 0.0724384 0.0719018 0.0992237 0.13554 0.259225 0.14785 0.0683738 0.0296448 0.0541541 0 0 0 0 0 0 0 0 0 0 0 0
 2002 1 1 0 0 1 -1 -1 1  0.0177582 0.022554 0.0338036 0.0350405 0.0705513 0.0677881 0.0932446 0.127777 0.245381 0.140489 0.0651841 0.0804286 0 0 0 0 0 0 0 0 0 0 0 0
 2003 1 1 0 0 1 -1 -1 1  0.0333461 0.040256 0.0376752 0.037081 0.0331096 0.0644044 0.0616532 0.0850659 0.117045 0.225629 0.129606 0.135128 0 0 0 0 0 0 0 0 0 0 0 0
 2004 1 1 0 0 1 -1 -1 1  0.0689914 0.0745843 0.0641326 0.0384964 0.0323383 0.027825 0.0538915 0.0517402 0.0716775 0.0989989 0.191471 0.225853 0 0 0 0 0 0 0 0 0 0 0 0
 2005 1 1 0 0 1 -1 -1 1  0.154303 0.117674 0.101183 0.0556039 0.0284771 0.023051 0.0197481 0.03836 0.0369778 0.0514215 0.0712564 0.301943 0 0 0 0 0 0 0 0 0 0 0 0
 2006 1 1 0 0 1 -1 -1 1  0.222571 0.215863 0.128763 0.0704617 0.032928 0.0162347 0.0130815 0.0112393 0.02192 0.0212105 0.0295928 0.216134 0 0 0 0 0 0 0 0 0 0 0 0
 2007 1 1 0 0 1 -1 -1 1  0.16625 0.338231 0.205266 0.0769192 0.0355612 0.015968 0.00783344 0.00632945 0.00545994 0.0106889 0.010377 0.121116 0 0 0 0 0 0 0 0 0 0 0 0
 2008 1 1 0 0 1 -1 -1 1  0.209184 0.213358 0.314192 0.120944 0.0384775 0.0171163 0.00764984 0.00376347 0.00305316 0.00264375 0.00519268 0.0644246 0 0 0 0 0 0 0 0 0 0 0 0
 2009 1 1 0 0 1 -1 -1 1  0.234298 0.257028 0.195582 0.183702 0.0603384 0.018498 0.00819319 0.00367254 0.00181411 0.00147733 0.00128345 0.0341133 0 0 0 0 0 0 0 0 0 0 0 0
 2010 1 1 0 0 1 -1 -1 1  0.182681 0.323336 0.228527 0.112597 0.0907969 0.0287868 0.00879075 0.0039054 0.00175772 0.000871587 0.000712135 0.0172383 0 0 0 0 0 0 0 0 0 0 0 0
 2011 1 1 0 0 1 -1 -1 1  0.275761 0.183053 0.281141 0.130947 0.0557523 0.0434724 0.0137347 0.00420731 0.00187683 0.000847963 0.000421888 0.0087841 0 0 0 0 0 0 0 0 0 0 0 0
 2012 1 1 0 0 1 -1 -1 1  0.265839 0.278874 0.159709 0.164855 0.0668284 0.0275661 0.0214293 0.00679224 0.00208925 0.000935576 0.000424123 0.00465746 0 0 0 0 0 0 0 0 0 0 0 0
 2013 1 1 0 0 1 -1 -1 1  0.0705985 0.3935 0.265055 0.1041 0.0941824 0.0370599 0.0152475 0.0118926 0.00378512 0.00116876 0.000525132 0.00288526 0 0 0 0 0 0 0 0 0 0 0 0

0 #_N_MeanSize-at-Age_obs
#Yr Seas Flt/Svy Gender Part Ageerr Ignore datavector(female-male)
#                                          samplesize(female-male)

0 #_N_environ_variables
0 #_N_environ_obs
0 # N sizefreq methods to read 

0 # no tag data 

0 # no morphcomp data 

999

#_bootstrap file: 1
1940 #_styr
2013 #_endyr
1 #_nseas
 12 #_months/season
1 #_spawn_seas
3 #_Nfleet
1 #_Nsurveys
1 #_N_areas
FISHERY1%FISHERY2%FISHERY3%BIOSURVEY1
 0.5 0.5 0.5 0.583 #_surveytiming_in_season
 1 1 1 1 #_area_assignments_for_each_fishery_and_survey
 1 1 1 #_units of catch:  1=bio; 2=num
 0.05 0.05 0.05 #_se of log(catch) only used for init_eq_catch and for Fmethod 2 and 3; use -1 for discard only fleets
2 #_Ngenders
20 #_Nages
0 0 0  #_init_equil_catch_for_each_fishery
74 #_N_lines_of_catch_to_read
#_catch_biomass(mtons):_columns_are_fisheries,year,season
6.9804 0.798773 0.124219 1940 1
7.93539 0.817105 0.141478 1941 1
7.61345 0.946595 0.156632 1942 1
10.6758 1.12053 0.179412 1943 1
7.82614 0.762593 0.126383 1944 1
9.62188 1.05968 0.194222 1945 1
13.124 1.45395 0.257049 1946 1
19.4163 2.30819 0.353874 1947 1
20.4804 2.36832 0.386235 1948 1
27.2872 2.82074 0.470324 1949 1
28.251 3.42426 0.508506 1950 1
36.9954 4.15323 0.790648 1951 1
54.1221 6.05522 1.10962 1952 1
56.7623 5.58381 0.91764 1953 1
49.7803 5.50625 0.914211 1954 1
90.5085 10.2959 1.38938 1955 1
67.1262 8.63762 1.43589 1956 1
78.8994 9.1508 1.29596 1957 1
63.5786 7.79287 1.19854 1958 1
71.0542 8.00429 1.28618 1959 1
75.9711 6.67809 1.16762 1960 1
67.432 6.50067 1.16621 1961 1
83.0861 8.58273 1.45375 1962 1
86.9255 8.33092 1.62762 1963 1
69.0092 6.34854 1.12928 1964 1
99.8808 8.22508 1.69911 1965 1
87.5085 8.11972 1.52406 1966 1
70.8618 6.83706 1.29449 1967 1
128.849 5.57137 1.13081 1968 1
79.8565 3.67647 0.717173 1969 1
90.025 3.91567 0.65386 1970 1
60.3224 4.68796 0.795198 1971 1
67.221 2.61288 0.473179 1972 1
42.0153 2.93951 0.530388 1973 1
38.7254 4.45763 0.852577 1974 1
28.3952 4.10609 0.761104 1975 1
25.9163 3.90702 0.725319 1976 1
34.5434 3.63855 0.61898 1977 1
30.418 4.04137 0.876703 1978 1
26.8263 3.91997 0.349656 1979 1
28.0193 4.65762 1.36234 1980 1
26.5375 5.59662 1.1653 1981 1
18.9272 6.44961 1.03309 1982 1
18.3593 6.00552 0.661192 1983 1
24.1058 8.39543 0.866055 1984 1
21.6886 5.93502 0.649753 1985 1
23.3524 6.742 1.44643 1986 1
23.5649 6.57365 1.40258 1987 1
41.6571 6.9744 2.72051 1988 1
32.8686 7.31397 3.45853 1989 1
42.8685 7.69029 1.48402 1990 1
53.378 8.83281 1.99943 1991 1
54.7794 6.52818 1.98203 1992 1
50.7903 8.11375 2.64616 1993 1
52.1426 9.04229 3.06236 1994 1
54.5226 12.4397 5.00908 1995 1
62.1225 17.9542 1.9425 1996 1
64.2464 9.77378 1.39948 1997 1
66.626 9.77826 1.40989 1998 1
82.4328 17.5569 3.87662 1999 1
83.3906 20.4773 4.16778 2000 1
95.4266 23.0064 7.31557 2001 1
84.067 16.5891 9.46405 2002 1
91.8124 11.3805 13.6758 2003 1
53.1582 3.1882 12.3748 2004 1
41.65 1.03883 3.50655 2005 1
41.8418 1.13181 2.90554 2006 1
37.6501 1.37538 4.93329 2007 1
37.9676 1.56534 12.3256 2008 1
35.8823 0.620621 13.685 2009 1
35.6649 0.127627 17.1135 2010 1
33.7603 0.22195 15.6238 2011 1
30.3578 0.201506 16.1951 2012 1
24.5583 0.180349 14.998 2013 1
#
56 #_N_cpue_and_surveyabundance_observations
#_Units:  0=numbers; 1=biomass; 2=F
#_Errtype:  -1=normal; 0=lognormal; >0=T
#_Fleet Units Errtype
1 1 0
2 1 0
3 1 0
4 1 0
#_year seas index obs err
1983 1 1 0.84358 0.2 #_orig_obs: 0.64 FISHERY1
1984 1 1 0.978241 0.2 #_orig_obs: 0.85 FISHERY1
1985 1 1 1.75454 0.2 #_orig_obs: 0.78 FISHERY1
1986 1 1 1.15729 0.2 #_orig_obs: 0.97 FISHERY1
1987 1 1 1.96219 0.2 #_orig_obs: 1.27 FISHERY1
1988 1 1 1.60508 0.2 #_orig_obs: 1.29 FISHERY1
1989 1 1 1.66256 0.2 #_orig_obs: 1.45 FISHERY1
1990 1 1 2.10959 0.2 #_orig_obs: 1.34 FISHERY1
1991 1 1 2.16972 0.2 #_orig_obs: 1.24 FISHERY1
1992 1 1 1.28649 0.2 #_orig_obs: 1.89 FISHERY1
1993 1 1 1.38127 0.2 #_orig_obs: 1.4 FISHERY1
1994 1 1 2.08744 0.2 #_orig_obs: 2.27 FISHERY1
1995 1 1 3.93091 0.2 #_orig_obs: 3.26 FISHERY1
1996 1 1 4.5411 0.2 #_orig_obs: 2.58 FISHERY1
1997 1 1 5.0207 0.2 #_orig_obs: 3.1 FISHERY1
1998 1 1 4.14471 0.2 #_orig_obs: 2.88 FISHERY1
1999 1 1 5.62818 0.2 #_orig_obs: 3.4 FISHERY1
2000 1 1 3.18093 0.2 #_orig_obs: 4.08 FISHERY1
2001 1 1 5.17349 0.2 #_orig_obs: 3.24 FISHERY1
2002 1 1 2.92415 0.2 #_orig_obs: 4.51 FISHERY1
2003 1 1 1.42958 0.2 #_orig_obs: 3 FISHERY1
2004 1 1 1.335 0.2 #_orig_obs: 0.97 FISHERY1
2005 1 1 1.01624 0.2 #_orig_obs: 1.05 FISHERY1
2006 1 1 0.683504 0.2 #_orig_obs: 1.15 FISHERY1
2007 1 1 0.579956 0.2 #_orig_obs: 1.07 FISHERY1
2008 1 1 0.544922 0.2 #_orig_obs: 1.57 FISHERY1
2009 1 1 1.2704 0.2 #_orig_obs: 1.74 FISHERY1
2010 1 1 0.859022 0.2 #_orig_obs: 1.66 FISHERY1
2011 1 1 1.15675 0.2 #_orig_obs: 1.24 FISHERY1
2012 1 1 2.17894 0.2 #_orig_obs: 1.73 FISHERY1
1999 1 2 4.76961 0.3 #_orig_obs: 1.82 FISHERY2
2000 1 2 1.82511 0.3 #_orig_obs: 2.88 FISHERY2
2001 1 2 2.60095 0.3 #_orig_obs: 1.73 FISHERY2
2002 1 2 2.56075 0.3 #_orig_obs: 1.44 FISHERY2
2003 1 2 1.18336 0.3 #_orig_obs: 0.98 FISHERY2
2004 1 2 0.76315 0.3 #_orig_obs: 1.15 FISHERY2
2005 1 2 0.410924 0.3 #_orig_obs: 0.63 FISHERY2
2006 1 2 0.555072 0.3 #_orig_obs: 0.47 FISHERY2
2007 1 2 0.351127 0.3 #_orig_obs: 0.61 FISHERY2
2008 1 2 0.63622 0.3 #_orig_obs: 0.73 FISHERY2
2009 1 2 0.961994 0.3 #_orig_obs: 0.71 FISHERY2
1995 1 4 400.444 0.2 #_orig_obs: 505.76 BIOSURVEY1
1997 1 4 630.282 0.2 #_orig_obs: 713.59 BIOSURVEY1
1999 1 4 520.703 0.2 #_orig_obs: 901.11 BIOSURVEY1
2000 1 4 667.211 0.2 #_orig_obs: 891.6 BIOSURVEY1
2001 1 4 812.911 0.2 #_orig_obs: 918.05 BIOSURVEY1
2004 1 4 412.319 0.2 #_orig_obs: 272.08 BIOSURVEY1
2005 1 4 220.031 0.2 #_orig_obs: 223.72 BIOSURVEY1
2006 1 4 235.628 0.2 #_orig_obs: 266.6 BIOSURVEY1
2007 1 4 294.492 0.2 #_orig_obs: 278.7 BIOSURVEY1
2008 1 4 454.035 0.2 #_orig_obs: 313.78 BIOSURVEY1
2009 1 4 487.097 0.2 #_orig_obs: 322.73 BIOSURVEY1
2010 1 4 260.305 0.2 #_orig_obs: 284.57 BIOSURVEY1
2011 1 4 220.182 0.2 #_orig_obs: 290.33 BIOSURVEY1
2012 1 4 332.761 0.2 #_orig_obs: 272.82 BIOSURVEY1
2013 1 4 288.427 0.2 #_orig_obs: 224.99 BIOSURVEY1

0 #_N_fleets_with_discard
#_discard_units (1=same_as_catchunits(bio/num); 2=fraction; 3=numbers)
#_discard_errtype:  >0 for DF of T-dist(read CV below); 0 for normal with CV; -1 for normal with se; -2 for lognormal
#Fleet Disc_units err_type
0 #N discard obs
#_year seas index obs err
#
0 #_N_meanbodywt_obs
30 #_DF_for_meanbodywt_T-distribution_like

2 # length bin method: 1=use databins; 2=generate from binwidth,min,max below; 3=read vector
2 # binwidth for population size comp 
2 # minimum size in the population (lower edge of first bin and size at age 0.00) 
86 # maximum size in the population (lower edge of last bin) 

-1 #_comp_tail_compression
1e-07 #_add_to_comp
0 #_combine males into females at or below this bin number
35 #_N_LengthBins
 18 20 22 24 26 28 30 32 34 36 38 40 42 44 46 48 50 52 54 56 58 60 62 64 66 68 70 72 74 76 78 80 82 84 86
29 #_N_Length_obs
#Yr Seas Flt/Svy Gender Part Nsamp datavector(female-male)
 1998 1 2 0 0 50  0 0 0 0 2 1 2 4 4 4 6 6 5 8 2 3 1 2 0 0 0 0 0 0 0 0 0 0 0 0 0 0 0 0 0 0 0 0 0 0 0 0 0 0 0 0 0 0 0 0 0 0 0 0 0 0 0 0 0 0 0 0 0 0 0 0 0 0 0 0
 1999 1 2 0 0 50  0 0 0 0 0 0 1 1 5 5 6 8 9 11 2 0 0 1 0 0 0 0 0 0 1 0 0 0 0 0 0 0 0 0 0 0 0 0 0 0 0 0 0 0 0 0 0 0 0 0 0 0 0 0 0 0 0 0 0 0 0 0 0 0 0 0 0 0 0 0
 2000 1 2 0 0 50  0 0 0 0 0 1 2 1 2 6 7 5 9 6 6 2 2 0 0 0 0 0 0 1 0 0 0 0 0 0 0 0 0 0 0 0 0 0 0 0 0 0 0 0 0 0 0 0 0 0 0 0 0 0 0 0 0 0 0 0 0 0 0 0 0 0 0 0 0 0
 2001 1 2 0 0 50  0 0 0 0 0 0 1 0 0 5 0 8 10 8 9 4 2 1 0 1 0 1 0 0 0 0 0 0 0 0 0 0 0 0 0 0 0 0 0 0 0 0 0 0 0 0 0 0 0 0 0 0 0 0 0 0 0 0 0 0 0 0 0 0 0 0 0 0 0 0
 2002 1 2 0 0 50  0 1 0 1 0 1 4 2 3 2 2 1 5 9 6 6 2 2 2 0 1 0 0 0 0 0 0 0 0 0 0 0 0 0 0 0 0 0 0 0 0 0 0 0 0 0 0 0 0 0 0 0 0 0 0 0 0 0 0 0 0 0 0 0 0 0 0 0 0 0
 2003 1 2 0 0 50  0 0 0 0 1 5 0 1 5 2 2 4 7 6 5 7 4 1 0 0 0 0 0 0 0 0 0 0 0 0 0 0 0 0 0 0 0 0 0 0 0 0 0 0 0 0 0 0 0 0 0 0 0 0 0 0 0 0 0 0 0 0 0 0 0 0 0 0 0 0
 2004 1 2 0 0 50  0 1 1 1 3 2 4 2 4 0 3 4 4 6 3 6 3 2 0 1 0 0 0 0 0 0 0 0 0 0 0 0 0 0 0 0 0 0 0 0 0 0 0 0 0 0 0 0 0 0 0 0 0 0 0 0 0 0 0 0 0 0 0 0 0 0 0 0 0 0
 2005 1 2 0 0 50  0 0 0 1 5 5 3 9 4 4 4 1 3 2 4 3 1 1 0 0 0 0 0 0 0 0 0 0 0 0 0 0 0 0 0 0 0 0 0 0 0 0 0 0 0 0 0 0 0 0 0 0 0 0 0 0 0 0 0 0 0 0 0 0 0 0 0 0 0 0
 2006 1 2 0 0 50  0 0 0 3 4 5 9 8 4 2 4 0 4 2 1 1 1 1 1 0 0 0 0 0 0 0 0 0 0 0 0 0 0 0 0 0 0 0 0 0 0 0 0 0 0 0 0 0 0 0 0 0 0 0 0 0 0 0 0 0 0 0 0 0 0 0 0 0 0 0
 2007 1 2 0 0 50  0 0 1 2 3 8 7 10 1 7 5 1 2 2 0 0 0 1 0 0 0 0 0 0 0 0 0 0 0 0 0 0 0 0 0 0 0 0 0 0 0 0 0 0 0 0 0 0 0 0 0 0 0 0 0 0 0 0 0 0 0 0 0 0 0 0 0 0 0 0
 2008 1 2 0 0 50  0 0 0 4 7 11 4 7 5 4 3 0 0 2 0 1 1 0 0 1 0 0 0 0 0 0 0 0 0 0 0 0 0 0 0 0 0 0 0 0 0 0 0 0 0 0 0 0 0 0 0 0 0 0 0 0 0 0 0 0 0 0 0 0 0 0 0 0 0 0
 2009 1 2 0 0 50  0 0 1 1 3 5 11 13 2 10 2 1 0 0 1 0 0 0 0 0 0 0 0 0 0 0 0 0 0 0 0 0 0 0 0 0 0 0 0 0 0 0 0 0 0 0 0 0 0 0 0 0 0 0 0 0 0 0 0 0 0 0 0 0 0 0 0 0 0 0
 2010 1 2 0 0 50  0 0 1 1 4 7 5 10 8 5 2 5 0 1 1 0 0 0 0 0 0 0 0 0 0 0 0 0 0 0 0 0 0 0 0 0 0 0 0 0 0 0 0 0 0 0 0 0 0 0 0 0 0 0 0 0 0 0 0 0 0 0 0 0 0 0 0 0 0 0
 2011 1 2 0 0 50  0 0 0 0 7 11 8 6 5 6 5 1 0 0 1 0 0 0 0 0 0 0 0 0 0 0 0 0 0 0 0 0 0 0 0 0 0 0 0 0 0 0 0 0 0 0 0 0 0 0 0 0 0 0 0 0 0 0 0 0 0 0 0 0 0 0 0 0 0 0
 2012 1 2 0 0 50  0 0 2 4 5 6 7 8 4 6 3 2 0 1 2 0 0 0 0 0 0 0 0 0 0 0 0 0 0 0 0 0 0 0 0 0 0 0 0 0 0 0 0 0 0 0 0 0 0 0 0 0 0 0 0 0 0 0 0 0 0 0 0 0 0 0 0 0 0 0
 2013 1 2 0 0 50  0 0 0 1 2 5 10 13 7 2 5 1 2 1 0 0 1 0 0 0 0 0 0 0 0 0 0 0 0 0 0 0 0 0 0 0 0 0 0 0 0 0 0 0 0 0 0 0 0 0 0 0 0 0 0 0 0 0 0 0 0 0 0 0 0 0 0 0 0 0
 2001 1 3 0 0 50  0 0 0 0 0 0 0 1 1 4 7 7 9 12 3 4 1 1 0 0 0 0 0 0 0 0 0 0 0 0 0 0 0 0 0 0 0 0 0 0 0 0 0 0 0 0 0 0 0 0 0 0 0 0 0 0 0 0 0 0 0 0 0 0 0 0 0 0 0 0
 2002 1 3 0 0 50  0 0 0 0 0 0 1 1 1 5 3 3 8 7 7 5 6 2 0 0 1 0 0 0 0 0 0 0 0 0 0 0 0 0 0 0 0 0 0 0 0 0 0 0 0 0 0 0 0 0 0 0 0 0 0 0 0 0 0 0 0 0 0 0 0 0 0 0 0 0
 2003 1 3 0 0 50  0 0 0 0 2 0 0 1 5 2 4 6 4 7 8 5 2 1 0 3 0 0 0 0 0 0 0 0 0 0 0 0 0 0 0 0 0 0 0 0 0 0 0 0 0 0 0 0 0 0 0 0 0 0 0 0 0 0 0 0 0 0 0 0 0 0 0 0 0 0
 2004 1 3 0 0 50  0 0 0 1 0 0 4 3 1 2 3 3 2 5 12 6 2 3 1 0 0 0 1 1 0 0 0 0 0 0 0 0 0 0 0 0 0 0 0 0 0 0 0 0 0 0 0 0 0 0 0 0 0 0 0 0 0 0 0 0 0 0 0 0 0 0 0 0 0 0
 2005 1 3 0 0 50  0 0 0 1 0 1 1 3 2 6 1 3 7 2 13 5 3 0 1 0 0 0 1 0 0 0 0 0 0 0 0 0 0 0 0 0 0 0 0 0 0 0 0 0 0 0 0 0 0 0 0 0 0 0 0 0 0 0 0 0 0 0 0 0 0 0 0 0 0 0
 2006 1 3 0 0 50  0 0 0 1 1 3 3 4 5 10 7 3 5 5 0 1 2 0 0 0 0 0 0 0 0 0 0 0 0 0 0 0 0 0 0 0 0 0 0 0 0 0 0 0 0 0 0 0 0 0 0 0 0 0 0 0 0 0 0 0 0 0 0 0 0 0 0 0 0 0
 2007 1 3 0 0 50  0 0 1 0 1 3 6 11 6 10 3 3 1 2 2 0 0 0 0 0 0 1 0 0 0 0 0 0 0 0 0 0 0 0 0 0 0 0 0 0 0 0 0 0 0 0 0 0 0 0 0 0 0 0 0 0 0 0 0 0 0 0 0 0 0 0 0 0 0 0
 2008 1 3 0 0 50  0 0 0 1 1 0 4 8 11 9 7 1 3 1 1 1 2 0 0 0 0 0 0 0 0 0 0 0 0 0 0 0 0 0 0 0 0 0 0 0 0 0 0 0 0 0 0 0 0 0 0 0 0 0 0 0 0 0 0 0 0 0 0 0 0 0 0 0 0 0
 2009 1 3 0 0 50  0 0 1 0 1 3 3 9 9 9 1 5 3 2 3 0 1 0 0 0 0 0 0 0 0 0 0 0 0 0 0 0 0 0 0 0 0 0 0 0 0 0 0 0 0 0 0 0 0 0 0 0 0 0 0 0 0 0 0 0 0 0 0 0 0 0 0 0 0 0
 2010 1 3 0 0 50  0 0 0 1 2 2 5 5 6 8 7 7 4 2 1 0 0 0 0 0 0 0 0 0 0 0 0 0 0 0 0 0 0 0 0 0 0 0 0 0 0 0 0 0 0 0 0 0 0 0 0 0 0 0 0 0 0 0 0 0 0 0 0 0 0 0 0 0 0 0
 2011 1 3 0 0 50  0 0 0 0 1 4 3 9 4 11 7 5 1 1 2 2 0 0 0 0 0 0 0 0 0 0 0 0 0 0 0 0 0 0 0 0 0 0 0 0 0 0 0 0 0 0 0 0 0 0 0 0 0 0 0 0 0 0 0 0 0 0 0 0 0 0 0 0 0 0
 2012 1 3 0 0 50  0 0 0 2 2 3 9 6 10 6 4 3 1 2 2 0 0 0 0 0 0 0 0 0 0 0 0 0 0 0 0 0 0 0 0 0 0 0 0 0 0 0 0 0 0 0 0 0 0 0 0 0 0 0 0 0 0 0 0 0 0 0 0 0 0 0 0 0 0 0
 2013 1 3 0 0 50  1 0 0 0 0 2 7 6 4 9 9 5 3 2 0 0 2 0 0 0 0 0 0 0 0 0 0 0 0 0 0 0 0 0 0 0 0 0 0 0 0 0 0 0 0 0 0 0 0 0 0 0 0 0 0 0 0 0 0 0 0 0 0 0 0 0 0 0 0 0

12 #_N_age_bins
 2 3 4 5 6 7 8 9 10 11 12 13
1 #_N_ageerror_definitions
 -1 -1 -1 -1 -1 -1 -1 -1 -1 -1 -1 -1 -1 -1 -1 -1 -1 -1 -1 -1 -1
 0.001 0.001 0.001 0.001 0.001 0.001 0.001 0.001 0.001 0.001 0.001 0.001 0.001 0.001 0.001 0.001 0.001 0.001 0.001 0.001 0.001
46 #_N_Agecomp_obs
2 #_Lbin_method: 1=poplenbins; 2=datalenbins; 3=lengths
0 #_combine males into females at or below this bin number
#Yr Seas Flt/Svy Gender Part Ageerr Lbin_lo Lbin_hi Nsamp datavector(female-male)
 1968 1 1 0 0 1 -1 -1 1  0 1 0 0 0 0 0 0 0 0 0 0 0 0 0 0 0 0 0 0 0 0 0 0
 1969 1 1 0 0 1 -1 -1 1  0 0 1 0 0 0 0 0 0 0 0 0 0 0 0 0 0 0 0 0 0 0 0 0
 1970 1 1 0 0 1 -1 -1 1  0 1 0 0 0 0 0 0 0 0 0 0 0 0 0 0 0 0 0 0 0 0 0 0
 1971 1 1 0 0 1 -1 -1 1  0 0 1 0 0 0 0 0 0 0 0 0 0 0 0 0 0 0 0 0 0 0 0 0
 1972 1 1 0 0 1 -1 -1 1  0 0 0 0 1 0 0 0 0 0 0 0 0 0 0 0 0 0 0 0 0 0 0 0
 1973 1 1 0 0 1 -1 -1 1  0 0 1 0 0 0 0 0 0 0 0 0 0 0 0 0 0 0 0 0 0 0 0 0
 1974 1 1 0 0 1 -1 -1 1  0 0 1 0 0 0 0 0 0 0 0 0 0 0 0 0 0 0 0 0 0 0 0 0
 1975 1 1 0 0 1 -1 -1 1  0 0 1 0 0 0 0 0 0 0 0 0 0 0 0 0 0 0 0 0 0 0 0 0
 1976 1 1 0 0 1 -1 -1 1  0 0 0 1 0 0 0 0 0 0 0 0 0 0 0 0 0 0 0 0 0 0 0 0
 1977 1 1 0 0 1 -1 -1 1  0 0 0 0 1 0 0 0 0 0 0 0 0 0 0 0 0 0 0 0 0 0 0 0
 1978 1 1 0 0 1 -1 -1 1  0 0 0 0 1 0 0 0 0 0 0 0 0 0 0 0 0 0 0 0 0 0 0 0
 1979 1 1 0 0 1 -1 -1 1  0 0 0 1 0 0 0 0 0 0 0 0 0 0 0 0 0 0 0 0 0 0 0 0
 1980 1 1 0 0 1 -1 -1 1  0 0 1 0 0 0 0 0 0 0 0 0 0 0 0 0 0 0 0 0 0 0 0 0
 1981 1 1 0 0 1 -1 -1 1  0 1 0 0 0 0 0 0 0 0 0 0 0 0 0 0 0 0 0 0 0 0 0 0
 1982 1 1 0 0 1 -1 -1 1  0 1 0 0 0 0 0 0 0 0 0 0 0 0 0 0 0 0 0 0 0 0 0 0
 1983 1 1 0 0 1 -1 -1 1  0 0 1 0 0 0 0 0 0 0 0 0 0 0 0 0 0 0 0 0 0 0 0 0
 1984 1 1 0 0 1 -1 -1 1  0 0 0 0 1 0 0 0 0 0 0 0 0 0 0 0 0 0 0 0 0 0 0 0
 1985 1 1 0 0 1 -1 -1 1  0 0 0 1 0 0 0 0 0 0 0 0 0 0 0 0 0 0 0 0 0 0 0 0
 1986 1 1 0 0 1 -1 -1 1  0 0 0 1 0 0 0 0 0 0 0 0 0 0 0 0 0 0 0 0 0 0 0 0
 1987 1 1 0 0 1 -1 -1 1  1 0 0 0 0 0 0 0 0 0 0 0 0 0 0 0 0 0 0 0 0 0 0 0
 1988 1 1 0 0 1 -1 -1 1  0 0 0 1 0 0 0 0 0 0 0 0 0 0 0 0 0 0 0 0 0 0 0 0
 1989 1 1 0 0 1 -1 -1 1  0 0 0 0 0 0 1 0 0 0 0 0 0 0 0 0 0 0 0 0 0 0 0 0
 1990 1 1 0 0 1 -1 -1 1  0 0 0 0 0 0 1 0 0 0 0 0 0 0 0 0 0 0 0 0 0 0 0 0
 1991 1 1 0 0 1 -1 -1 1  0 0 1 0 0 0 0 0 0 0 0 0 0 0 0 0 0 0 0 0 0 0 0 0
 1992 1 1 0 0 1 -1 -1 1  0 0 1 0 0 0 0 0 0 0 0 0 0 0 0 0 0 0 0 0 0 0 0 0
 1993 1 1 0 0 1 -1 -1 1  0 1 0 0 0 0 0 0 0 0 0 0 0 0 0 0 0 0 0 0 0 0 0 0
 1994 1 1 0 0 1 -1 -1 1  0 0 0 0 0 0 1 0 0 0 0 0 0 0 0 0 0 0 0 0 0 0 0 0
 1995 1 1 0 0 1 -1 -1 1  0 0 1 0 0 0 0 0 0 0 0 0 0 0 0 0 0 0 0 0 0 0 0 0
 1996 1 1 0 0 1 -1 -1 1  0 0 0 1 0 0 0 0 0 0 0 0 0 0 0 0 0 0 0 0 0 0 0 0
 1997 1 1 0 0 1 -1 -1 1  0 0 0 0 1 0 0 0 0 0 0 0 0 0 0 0 0 0 0 0 0 0 0 0
 1998 1 1 0 0 1 -1 -1 1  0 0 0 0 0 0 1 0 0 0 0 0 0 0 0 0 0 0 0 0 0 0 0 0
 1999 1 1 0 0 1 -1 -1 1  0 0 1 0 0 0 0 0 0 0 0 0 0 0 0 0 0 0 0 0 0 0 0 0
 2000 1 1 0 0 1 -1 -1 1  0 0 0 0 0 0 1 0 0 0 0 0 0 0 0 0 0 0 0 0 0 0 0 0
 2001 1 1 0 0 1 -1 -1 1  0 0 0 0 0 0 0 1 0 0 0 0 0 0 0 0 0 0 0 0 0 0 0 0
 2002 1 1 0 0 1 -1 -1 1  0 0 0 0 0 0 0 0 1 0 0 0 0 0 0 0 0 0 0 0 0 0 0 0
 2003 1 1 0 0 1 -1 -1 1  0 0 0 0 0 0 0 0 0 1 0 0 0 0 0 0 0 0 0 0 0 0 0 0
 2004 1 1 0 0 1 -1 -1 1  1 0 0 0 0 0 0 0 0 0 0 0 0 0 0 0 0 0 0 0 0 0 0 0
 2005 1 1 0 0 1 -1 -1 1  0 0 0 0 0 0 0 0 0 0 0 1 0 0 0 0 0 0 0 0 0 0 0 0
 2006 1 1 0 0 1 -1 -1 1  0 0 0 0 0 0 0 0 0 0 0 1 0 0 0 0 0 0 0 0 0 0 0 0
 2007 1 1 0 0 1 -1 -1 1  0 0 0 0 0 0 0 0 0 0 0 1 0 0 0 0 0 0 0 0 0 0 0 0
 2008 1 1 0 0 1 -1 -1 1  0 0 0 0 0 0 1 0 0 0 0 0 0 0 0 0 0 0 0 0 0 0 0 0
 2009 1 1 0 0 1 -1 -1 1  0 1 0 0 0 0 0 0 0 0 0 0 0 0 0 0 0 0 0 0 0 0 0 0
 2010 1 1 0 0 1 -1 -1 1  0 1 0 0 0 0 0 0 0 0 0 0 0 0 0 0 0 0 0 0 0 0 0 0
 2011 1 1 0 0 1 -1 -1 1  1 0 0 0 0 0 0 0 0 0 0 0 0 0 0 0 0 0 0 0 0 0 0 0
 2012 1 1 0 0 1 -1 -1 1  1 0 0 0 0 0 0 0 0 0 0 0 0 0 0 0 0 0 0 0 0 0 0 0
 2013 1 1 0 0 1 -1 -1 1  0 0 0 0 1 0 0 0 0 0 0 0 0 0 0 0 0 0 0 0 0 0 0 0

0 #_N_MeanSize-at-Age_obs
#Yr Seas Flt/Svy Gender Part Ageerr Ignore datavector(female-male)
#                                          samplesize(female-male)

0 #_N_environ_variables
0 #_N_environ_obs
0 # N sizefreq methods to read 

0 # no tag data 

0 # no morphcomp data 

999

ENDDATA
